66856,74713,7,58999,7,1468042877.43
67066,74713,7,60374,8,1468042908.16
66856,74713,7,58999,7,1468042940.03
67066,74713,7,60374,8,1468042971.79
66856,74713,7,58999,7,1468043003.53
67066,74713,7,60374,8,1468043035.31
66856,74713,7,58999,7,1468043067.14
66856,74713,7,58999,7,1468043098.88
67066,74713,7,60374,8,1468043130.57
67066,74713,7,60374,8,1468043162.33
67066,74713,7,60374,8,1468043194.05
66856,74713,7,58999,7,1468043225.74
66856,74713,7,58999,7,1468043257.58
66856,74713,7,58999,7,1468043289.25
66856,74713,7,58999,7,1468043320.93
66856,74713,7,58999,7,1468043352.62
66856,74713,7,58999,7,1468043384.44
67066,74713,7,60374,8,1468043416.34
67066,74713,7,60374,8,1468043448.39
64124,74713,7,55888,9,1468043480.2
64124,74713,7,55888,9,1468043511.88
64124,74713,7,55888,9,1468043543.68
64124,74713,7,55888,9,1468043575.36
64124,74713,7,55888,9,1468043607.07
64124,74713,7,55888,9,1468043638.92
64124,74713,7,55888,9,1468043670.63
64221,73499,8,56799,10,1468043702.35
64221,73499,8,56799,10,1468043734.07
64221,73499,8,56799,10,1468043765.76
64124,74713,7,55888,9,1468043797.57
64221,73499,8,56799,10,1468043829.24
64221,73499,8,56799,10,1468043860.97
64221,73499,8,56799,10,1468043892.64
61894,73499,8,53454,11,1468043924.34
61894,73499,8,53454,11,1468043956.03
64221,73499,8,56799,10,1468043987.7
61894,73499,8,53454,11,1468044019.4
61894,73499,8,53454,11,1468044051.1
61894,73499,8,53454,11,1468044082.9
61894,73499,8,53454,11,1468044114.57
61894,73499,8,53454,11,1468044146.28
61894,73499,8,53454,11,1468044177.92
64221,73499,8,56799,10,1468044209.7
61894,73499,8,53454,11,1468044241.37
61894,73499,8,53454,11,1468044273.03
48000,65000,1,43750,4,1468044304.67
61894,73499,8,53454,11,1468044336.33
48000,65000,1,43750,4,1468044367.96
48000,65000,1,43750,4,1468044399.66
48000,65000,1,43750,4,1468044431.29
48000,65000,1,43750,4,1468044462.95
48000,65000,1,43750,4,1468044494.8
48000,65000,1,43750,4,1468044526.61
48000,65000,1,43750,4,1468044558.26
48000,65000,1,43750,4,1468044590.09
48000,65000,1,43750,4,1468044621.79
48000,65000,1,43750,4,1468044653.5
48000,65000,1,43750,4,1468044685.41
48000,65000,1,43750,4,1468044717.11
48000,65000,1,43750,4,1468044748.81
48000,65000,1,43750,4,1468044780.49
48000,65000,1,43750,4,1468044812.21
48000,65000,1,43750,4,1468044843.9
48000,65000,1,43750,4,1468044875.73
48000,65000,1,43750,4,1468044907.44
48000,65000,1,43750,4,1468044939.12
51666,67500,2,49000,5,1468044970.82
48000,65000,1,43750,4,1468045002.5
51666,67500,2,49000,5,1468045034.18
51666,67500,2,49000,5,1468045065.88
48000,65000,1,43750,4,1468045097.57
54285,68333,3,52500,6,1468045129.37
54285,68333,3,52500,6,1468045161.2
54285,68333,3,52500,6,1468045192.87
51666,67500,2,49000,5,1468045224.56
54285,68333,3,52500,6,1468045256.22
51666,67500,2,49000,5,1468045287.85
54285,68333,3,52500,6,1468045319.52
51666,67500,2,49000,5,1468045351.23
51666,67500,2,49000,5,1468045382.95
54285,68333,3,52500,6,1468045414.67
54285,68333,3,52500,6,1468045446.36
54285,68333,3,52500,6,1468045478.03
51666,67500,2,49000,5,1468045509.7
51666,67500,2,49000,5,1468045541.4
54285,68333,3,52500,6,1468045573.28
54285,68333,3,52500,6,1468045604.97
54285,68333,3,52500,6,1468045636.68
54285,68333,3,52500,6,1468045668.4
54285,68333,3,52500,6,1468045700.25
54285,68333,3,52500,6,1468045733.15
57000,68333,3,52142,7,1468045765.08
57000,68333,3,52142,7,1468045796.83
54285,68333,3,52500,6,1468045828.5
57000,68333,3,52142,7,1468045860.35
57000,68333,3,52142,7,1468045892.17
57000,68333,3,52142,7,1468045923.85
57000,68333,3,52142,7,1468045955.71
54285,68333,3,52500,6,1468045987.4
54285,68333,3,52500,6,1468046019.13
54285,68333,3,52500,6,1468046050.82
54285,68333,3,52500,6,1468046082.5
57000,68333,3,52142,7,1468046114.19
57000,68333,3,52142,7,1468046145.91
57000,68333,3,52142,7,1468046177.6
63333,70000,2,60000,4,1468046209.32
63333,70000,2,60000,4,1468046241.02
57000,68333,3,52142,7,1468046272.7
63333,70000,2,60000,4,1468046304.72
63333,70000,2,60000,4,1468046336.43
63333,70000,2,60000,4,1468046368.27
63333,70000,2,60000,4,1468046400.01
63333,70000,2,60000,4,1468046431.73
63333,70000,2,60000,4,1468046463.55
63333,70000,2,60000,4,1468046495.25
63333,70000,2,60000,4,1468046526.97
63333,70000,2,60000,4,1468046558.81
63333,70000,2,60000,4,1468046590.5
63333,70000,2,60000,4,1468046622.24
63333,70000,2,60000,4,1468046653.94
63333,70000,2,60000,4,1468046685.65
63333,70000,2,60000,4,1468046717.32
63333,70000,2,60000,4,1468046749.3
63333,70000,2,60000,4,1468046780.99
63333,70000,2,60000,4,1468046812.71
63333,70000,2,60000,4,1468046844.41
63333,70000,2,60000,4,1468046876.22
63333,70000,2,60000,4,1468046907.93
63333,70000,2,60000,4,1468046939.61
63333,70000,2,60000,4,1468046971.36
63333,70000,2,60000,4,1468047003.1
63333,70000,2,60000,4,1468047034.86
63333,70000,2,60000,4,1468047066.56
63333,70000,2,60000,4,1468047098.36
63333,70000,2,60000,4,1468047130.2
63333,70000,2,60000,4,1468047162.14
63333,70000,2,60000,4,1468047194.13
61428,70000,2,58000,5,1468047225.86
63333,70000,2,60000,4,1468047257.6
61428,70000,2,58000,5,1468047289.26
61428,70000,2,58000,5,1468047320.94
61428,70000,2,58000,5,1468047352.68
61428,70000,2,58000,5,1468047384.45
61428,70000,2,58000,5,1468047416.43
61428,70000,2,58000,5,1468047448.14
61428,70000,2,58000,5,1468047479.98
61428,70000,2,58000,5,1468047519.89
61428,70000,2,58000,5,1468047551.75
61428,70000,2,58000,5,1468047583.43
61428,70000,2,58000,5,1468047615.18
61428,70000,2,58000,5,1468047646.85
61428,70000,2,58000,5,1468047678.57
61428,70000,2,58000,5,1468047710.27
61428,70000,2,58000,5,1468047742.03
61428,70000,2,58000,5,1468047773.72
61428,70000,2,58000,5,1468047805.44
61428,70000,2,58000,5,1468047837.25
61428,70000,2,58000,5,1468047868.97
61428,70000,2,58000,5,1468047900.69
61428,70000,2,58000,5,1468047932.43
61428,70000,2,58000,5,1468047964.18
61428,70000,2,58000,5,1468047995.92
61428,70000,2,58000,5,1468048027.6
61428,70000,2,58000,5,1468048059.31
63333,82500,2,53750,4,1468048091.0
61428,70000,2,58000,5,1468048122.72
63333,82500,2,53750,4,1468048154.46
63333,82500,2,53750,4,1468048186.22
63333,82500,2,53750,4,1468048217.96
63333,82500,2,53750,4,1468048249.82
63333,82500,2,53750,4,1468048281.55
63333,82500,2,53750,4,1468048313.3
63333,82500,2,53750,4,1468048345.02
63333,82500,2,53750,4,1468048376.88
63333,82500,2,53750,4,1468048408.58
63333,82500,2,53750,4,1468048440.34
63333,82500,2,53750,4,1468048472.09
63333,82500,2,53750,4,1468048503.79
63333,82500,2,53750,4,1468048535.53
63333,82500,2,53750,4,1468048567.6
63333,82500,2,53750,4,1468048599.33
63333,82500,2,53750,4,1468048631.07
63333,82500,2,53750,4,1468048662.77
63333,82500,2,53750,4,1468048694.55
63333,82500,2,53750,4,1468048726.27
63333,82500,2,53750,4,1468048758.03
63333,82500,2,53750,4,1468048789.83
63333,82500,2,53750,4,1468048821.54
63333,82500,2,53750,4,1468048853.24
63333,82500,2,53750,4,1468048885.0
63333,82500,2,53750,4,1468048917.22
59573,67337,3,53750,4,1468048948.93
63333,82500,2,53750,4,1468048980.69
59573,67337,3,53750,4,1468049012.54
59573,67337,3,53750,4,1468049044.25
59573,67337,3,53750,4,1468049075.99
63333,82500,2,53750,4,1468049107.7
63333,82500,2,53750,4,1468049139.44
63333,82500,2,53750,4,1468049171.16
59573,67337,3,53750,4,1468049202.91
63333,82500,2,53750,4,1468049234.63
59573,67337,3,53750,4,1468049266.36
59573,67337,3,53750,4,1468049298.11
59573,67337,3,53750,4,1468049329.83
59573,67337,3,53750,4,1468049361.53
59573,67337,3,53750,4,1468049393.43
59573,67337,3,53750,4,1468049425.16
59573,67337,3,53750,4,1468049457.02
59573,67337,3,53750,4,1468049488.95
59573,67337,3,53750,4,1468049520.81
59573,67337,3,53750,4,1468049552.61
59573,67337,3,53750,4,1468049584.39
59573,67337,3,53750,4,1468049616.15
62337,68505,2,50000,1,1468049647.91
62337,68505,2,50000,1,1468049679.62
59573,67337,3,53750,4,1468049711.5
59573,67337,3,53750,4,1468049743.22
59573,67337,3,53750,4,1468049774.97
62337,68505,2,50000,1,1468049806.82
59573,67337,3,53750,4,1468049838.69
59573,67337,3,53750,4,1468049870.43
59573,67337,3,53750,4,1468049902.16
62337,68505,2,50000,1,1468049933.91
71752,68505,2,75000,2,1468049965.69
62337,68505,2,50000,1,1468049997.39
71752,68505,2,75000,2,1468050029.11
62337,68505,2,50000,1,1468050060.87
62337,68505,2,50000,1,1468050092.65
62337,68505,2,50000,1,1468050124.49
62337,68505,2,50000,1,1468050156.23
62337,68505,2,50000,1,1468050187.91
71752,68505,2,75000,2,1468050219.64
71752,68505,2,75000,2,1468050251.48
71752,68505,2,75000,2,1468050283.22
71752,68505,2,75000,2,1468050315.06
71752,68505,2,75000,2,1468050346.92
71752,68505,2,75000,2,1468050378.87
71752,68505,2,75000,2,1468050410.57
71752,68505,2,75000,2,1468050442.41
71752,68505,2,75000,2,1468050474.11
71752,68505,2,75000,2,1468050505.87
71752,68505,2,75000,2,1468050537.64
71752,68505,2,75000,2,1468050569.48
71752,68505,2,75000,2,1468050601.18
71752,68505,2,75000,2,1468050632.93
71752,68505,2,75000,2,1468050664.7
71752,68505,2,75000,2,1468050696.42
71752,68505,2,75000,2,1468050728.12
71752,68505,2,75000,2,1468050759.83
71752,68505,2,75000,2,1468050791.75
71752,68505,2,75000,2,1468050823.52
71752,68505,2,75000,2,1468050855.39
71752,68505,2,75000,2,1468050887.1
71752,68505,2,75000,2,1468050918.81
71752,79003,3,75000,2,1468050950.54
71752,79003,3,75000,2,1468050982.23
71752,79003,3,75000,2,1468051013.92
71752,79003,3,75000,2,1468051045.64
78973,80175,10,77639,9,1468090226.7
78973,80175,10,77639,9,1468090258.41
78973,80175,10,77639,9,1468090290.18
78973,80175,10,77639,9,1468090321.91
78973,80175,10,77639,9,1468090353.82
78973,80175,10,77639,9,1468090385.56
78973,80175,10,77639,9,1468090417.46
78973,80175,10,77639,9,1468090449.25
78973,80175,10,77639,9,1468090481.0
79675,80175,10,79175,10,1468090512.91
78973,80175,10,77639,9,1468090544.81
78973,80175,10,77639,9,1468090576.6
78973,80175,10,77639,9,1468090608.43
78973,80175,10,77639,9,1468090640.15
78973,80175,10,77639,9,1468090671.94
79675,80175,10,79175,10,1468090703.81
79675,80175,10,79175,10,1468090735.66
79675,80175,10,79175,10,1468090767.38
79675,80175,10,79175,10,1468090799.21
79675,80175,10,79175,10,1468090831.14
79675,80175,10,79175,10,1468090862.89
79675,80175,10,79175,10,1468090895.02
79675,80175,10,79175,10,1468090926.73
79675,80175,10,79175,10,1468090958.52
79675,80175,10,79175,10,1468090990.25
79675,80175,10,79175,10,1468091022.1
79675,80175,10,79175,10,1468091053.82
79675,80175,10,79175,10,1468091085.55
79675,80175,10,79175,10,1468091117.28
85607,83625,6,87093,8,1468091149.1
85607,83625,6,87093,8,1468091180.82
85607,83625,6,87093,8,1468091212.53
79675,80175,10,79175,10,1468091244.26
85607,83625,6,87093,8,1468091275.95
84566,81678,7,87093,8,1468091307.65
84566,81678,7,87093,8,1468091339.44
85607,83625,6,87093,8,1468091371.49
85607,83625,6,87093,8,1468091403.18
84566,81678,7,87093,8,1468091434.89
85607,83625,6,87093,8,1468091466.81
84566,81678,7,87093,8,1468091498.52
84566,81678,7,87093,8,1468091530.29
84566,81678,7,87093,8,1468091562.22
85607,83625,6,87093,8,1468091593.94
84566,81678,7,87093,8,1468091625.65
85607,83625,6,87093,8,1468091657.39
84566,81678,7,87093,8,1468091689.14
84566,81678,7,87093,8,1468091720.84
84658,82417,9,86675,10,1468091752.55
84566,81678,7,87093,8,1468091784.28
84566,81678,7,87093,8,1468091815.99
84566,81678,7,87093,8,1468091847.99
84566,81678,7,87093,8,1468091879.81
84658,82417,9,86675,10,1468091911.55
84658,82417,9,86675,10,1468091943.27
84658,82417,9,86675,10,1468091974.99
84658,82417,9,86675,10,1468092006.72
84658,82417,9,86675,10,1468092038.44
84771,84175,10,85196,14,1468092070.16
84771,84175,10,85196,14,1468092101.87
84658,82417,9,86675,10,1468092133.55
84658,82417,9,86675,10,1468092165.41
84771,84175,10,85196,14,1468092197.26
84771,84175,10,85196,14,1468092228.98
84658,82417,9,86675,10,1468092260.72
84771,84175,10,85196,14,1468092292.42
84771,84175,10,85196,14,1468092324.2
84771,84175,10,85196,14,1468092355.93
84771,84175,10,85196,14,1468092387.96
84771,84175,10,85196,14,1468092419.67
84771,84175,10,85196,14,1468092451.38
84771,84175,10,85196,14,1468092483.09
84771,84175,10,85196,14,1468092514.88
84771,84175,10,85196,14,1468092546.61
84771,84175,10,85196,14,1468092578.33
84771,84175,10,85196,14,1468092610.2
84771,84175,10,85196,14,1468092641.98
84771,84175,10,85196,14,1468092674.0
83000,85000,6,81500,8,1468092705.77
83000,85000,6,81500,8,1468092737.52
83000,85000,6,81500,8,1468092769.55
83000,85000,6,81500,8,1468092801.26
84771,84175,10,85196,14,1468092833.0
83000,85000,6,81500,8,1468092864.84
84771,84175,10,85196,14,1468092896.84
83000,85000,6,81500,8,1468092928.71
84771,84175,10,85196,14,1468092960.45
77842,79000,9,76800,10,1468092992.33
77842,79000,9,76800,10,1468093024.14
83000,85000,6,81500,8,1468093055.87
77842,79000,9,76800,10,1468093087.79
83000,85000,6,81500,8,1468093119.55
83000,85000,6,81500,8,1468093151.3
83000,85000,6,81500,8,1468093183.05
77842,79000,9,76800,10,1468093214.77
77842,79000,9,76800,10,1468093246.51
77842,79000,9,76800,10,1468093278.43
77325,79000,9,75954,11,1468093310.15
77325,79000,9,75954,11,1468093342.23
77842,79000,9,76800,10,1468093373.97
77842,79000,9,76800,10,1468093405.85
77842,79000,9,76800,10,1468093437.57
77842,79000,9,76800,10,1468093469.33
77842,79000,9,76800,10,1468093501.06
77325,79000,9,75954,11,1468093532.86
77325,79000,9,75954,11,1468093564.59
77325,79000,9,75954,11,1468093596.49
78405,81100,10,75954,11,1468093628.42
77325,79000,9,75954,11,1468093660.28
78405,81100,10,75954,11,1468093692.01
77325,79000,9,75954,11,1468093723.74
77325,79000,9,75954,11,1468093755.65
77325,79000,9,75954,11,1468093787.58
78405,81100,10,75954,11,1468093819.44
77325,79000,9,75954,11,1468093851.19
77325,79000,9,75954,11,1468093882.93
78405,81100,10,75954,11,1468093914.79
80282,82818,11,77958,12,1468093946.71
78405,81100,10,75954,11,1468093978.44
78405,81100,10,75954,11,1468094010.31
80282,82818,11,77958,12,1468094042.23
78405,81100,10,75954,11,1468094074.16
81060,83416,12,78884,13,1468094105.87
81060,83416,12,78884,13,1468094137.63
81060,83416,12,78884,13,1468094169.35
81060,83416,12,78884,13,1468094201.09
80282,82818,11,77958,12,1468094232.8
80282,82818,11,77958,12,1468094264.69
81060,83416,12,78884,13,1468094296.41
81060,83416,12,78884,13,1468094330.71
81060,83416,12,78884,13,1468094363.32
81060,83416,12,78884,13,1468094395.2
81060,83416,12,78884,13,1468094426.95
81060,83416,12,78884,13,1468094458.69
81060,83416,12,78884,13,1468094490.45
81060,83416,12,78884,13,1468094522.15
81060,83416,12,78884,13,1468094553.9
81060,83416,12,78884,13,1468094585.77
81060,83416,12,78884,13,1468094617.67
81060,83416,12,78884,13,1468094649.39
81060,83416,12,78884,13,1468094681.13
81060,83416,12,78884,13,1468094713.0
81060,83416,12,78884,13,1468094744.87
81060,83416,12,78884,13,1468094776.63
81060,83416,12,78884,13,1468094808.38
81060,83416,12,78884,13,1468094840.1
81060,83416,12,78884,13,1468094872.0
81884,81833,6,81928,7,1468094903.73
81060,83416,12,78884,13,1468094935.5
81884,81833,6,81928,7,1468094967.26
81884,81833,6,81928,7,1468094999.19
81884,81833,6,81928,7,1468095030.94
81884,81833,6,81928,7,1468095062.65
81884,81833,6,81928,7,1468095094.44
81884,81833,6,81928,7,1468095126.31
81884,81833,6,81928,7,1468095158.06
81884,81833,6,81928,7,1468095189.82
81884,81833,6,81928,7,1468095221.56
81884,81833,6,81928,7,1468095253.31
81884,81833,6,81928,7,1468095285.04
81884,81833,6,81928,7,1468095316.78
81884,81833,6,81928,7,1468095348.57
81884,81833,6,81928,7,1468095380.33
81884,81833,6,81928,7,1468095412.08
81884,81833,6,81928,7,1468095443.83
81884,81833,6,81928,7,1468095475.57
87029,81833,6,89863,11,1468095507.63
81884,81833,6,81928,7,1468095539.39
87029,81833,6,89863,11,1468095571.13
87029,81833,6,89863,11,1468095603.1
87029,81833,6,89863,11,1468095635.02
87029,81833,6,89863,11,1468095666.77
87029,81833,6,89863,11,1468095698.69
87029,81833,6,89863,11,1468095730.44
87029,81833,6,89863,11,1468095762.33
87029,81833,6,89863,11,1468095794.2
87029,81833,6,89863,11,1468095826.2
87029,81833,6,89863,11,1468095857.96
87029,81833,6,89863,11,1468095889.71
87029,81833,6,89863,11,1468095921.45
87029,81833,6,89863,11,1468095953.49
87029,81833,6,89863,11,1468095985.24
87029,81833,6,89863,11,1468096017.0
87029,81833,6,89863,11,1468096048.77
87029,81833,6,89863,11,1468096080.82
87029,81833,6,89863,11,1468096112.55
87029,81833,6,89863,11,1468096144.31
87029,81833,6,89863,11,1468096176.12
87029,81833,6,89863,11,1468096207.88
87029,81833,6,89863,11,1468096239.94
87029,81833,6,89863,11,1468096271.67
87029,81833,6,89863,11,1468096303.4
91111,85000,1,91875,8,1468096335.17
91111,85000,1,91875,8,1468096366.93
91111,85000,1,91875,8,1468096398.7
91111,85000,1,91875,8,1468096430.7
91111,85000,1,91875,8,1468096462.47
91111,85000,1,91875,8,1468096494.25
91111,85000,1,91875,8,1468096526.22
91111,85000,1,91875,8,1468096558.01
87029,81833,6,89863,11,1468096589.78
91111,85000,1,91875,8,1468096621.59
91111,85000,1,91875,8,1468096653.38
87029,81833,6,89863,11,1468096685.25
88760,85000,1,89178,9,1468096717.01
91111,85000,1,91875,8,1468096748.8
88760,85000,1,89178,9,1468096780.6
88760,85000,1,89178,9,1468096813.16
88760,85000,1,89178,9,1468096845.26
91111,85000,1,91875,8,1468096876.99
88760,85000,1,89178,9,1468096908.87
88760,85000,1,89178,9,1468096940.75
88760,85000,1,89178,9,1468096972.49
98133,115000,2,94760,10,1468097004.24
98133,115000,2,94760,10,1468097035.99
88760,85000,1,89178,9,1468097067.73
88760,85000,1,89178,9,1468097099.47
88760,85000,1,89178,9,1468097131.56
88760,85000,1,89178,9,1468097163.46
88760,85000,1,89178,9,1468097195.25
98133,115000,2,94760,10,1468097227.14
98133,115000,2,94760,10,1468097258.89
98133,115000,2,94760,10,1468097290.77
98133,115000,2,94760,10,1468097322.55
98133,115000,2,94760,10,1468097354.48
97123,115000,2,93872,11,1468097386.38
98133,115000,2,94760,10,1468097418.17
97123,115000,2,93872,11,1468097450.25
97123,115000,2,93872,11,1468097482.03
98133,115000,2,94760,10,1468097513.8
98133,115000,2,94760,10,1468097545.69
97123,115000,2,93872,11,1468097577.44
97123,115000,2,93872,11,1468097609.18
96257,115000,2,93133,12,1468097640.93
96257,115000,2,93133,12,1468097672.87
96257,115000,2,93133,12,1468097708.16
96257,115000,2,93133,12,1468097741.3
96257,115000,2,93133,12,1468097773.07
96257,115000,2,93133,12,1468097804.82
96257,115000,2,93133,12,1468097836.59
96257,115000,2,93133,12,1468097868.47
96257,115000,2,93133,12,1468097900.21
96257,115000,2,93133,12,1468097932.57
99840,126666,3,93133,12,1468097964.33
96257,115000,2,93133,12,1468097996.08
96257,115000,2,93133,12,1468098027.85
96257,115000,2,93133,12,1468098059.6
96257,115000,2,93133,12,1468098091.34
96257,115000,2,93133,12,1468098123.12
99840,126666,3,93133,12,1468098154.88
99840,126666,3,93133,12,1468098186.64
99840,126666,3,93133,12,1468098218.55
96257,115000,2,93133,12,1468098250.31
96257,115000,2,93133,12,1468098282.12
99840,126666,3,93133,12,1468098313.89
99840,126666,3,93133,12,1468098346.01
99840,126666,3,93133,12,1468098377.83
99840,126666,3,93133,12,1468098409.58
99840,126666,3,93133,12,1468098441.34
103775,147500,2,89200,6,1468098473.08
103775,147500,2,89200,6,1468098505.02
103775,147500,2,89200,6,1468098536.78
103775,147500,2,89200,6,1468098568.54
103775,147500,2,89200,6,1468098600.32
103654,125000,3,95650,8,1468098632.33
103654,125000,3,95650,8,1468098664.08
103654,125000,3,95650,8,1468098695.89
103775,147500,2,89200,6,1468098727.65
103654,125000,3,95650,8,1468098759.7
103775,147500,2,89200,6,1468098791.46
103775,147500,2,89200,6,1468098823.23
103654,125000,3,95650,8,1468098855.12
103775,147500,2,89200,6,1468098886.87
103654,125000,3,95650,8,1468098918.76
103654,125000,3,95650,8,1468098950.52
103775,147500,2,89200,6,1468098982.27
103654,125000,3,95650,8,1468099014.03
103654,125000,3,95650,8,1468099045.91
103654,125000,3,95650,8,1468099077.65
103654,125000,3,95650,8,1468099109.44
103654,125000,3,95650,8,1468099141.72
103654,125000,3,95650,8,1468099173.5
103654,125000,3,95650,8,1468099205.25
101186,117000,5,93280,10,1468099237.06
101186,117000,5,93280,10,1468099268.8
101186,117000,5,93280,10,1468099300.91
101186,117000,5,93280,10,1468099332.65
101186,117000,5,93280,10,1468099364.4
101186,117000,5,93280,10,1468099396.21
101186,117000,5,93280,10,1468099427.95
101186,117000,5,93280,10,1468099459.7
101186,117000,5,93280,10,1468099491.63
101186,117000,5,93280,10,1468099523.7
101186,117000,5,93280,10,1468099555.43
101186,117000,5,93280,10,1468099587.15
101186,117000,5,93280,10,1468099618.89
101186,117000,5,93280,10,1468099650.78
101186,117000,5,93280,10,1468099682.54
101186,117000,5,93280,10,1468099714.34
101186,117000,5,93280,10,1468099746.07
101186,117000,5,93280,10,1468099777.87
101186,117000,5,93280,10,1468099810.7
101186,117000,5,93280,10,1468099842.53
101186,117000,5,93280,10,1468099874.31
99164,111500,6,92436,11,1468099906.19
94060,93500,4,94433,6,1468099937.96
94060,93500,4,94433,6,1468099969.72
99164,111500,6,92436,11,1468100001.44
99164,111500,6,92436,11,1468100033.34
99164,111500,6,92436,11,1468100065.1
94060,93500,4,94433,6,1468100096.87
99164,111500,6,92436,11,1468100128.63
99164,111500,6,92436,11,1468100160.38
94060,93500,4,94433,6,1468100192.11
94060,93500,4,94433,6,1468100223.81
99164,111500,6,92436,11,1468100255.56
94060,93500,4,94433,6,1468100287.28
99164,111500,6,92436,11,1468100318.99
99164,111500,6,92436,11,1468100350.7
99164,111500,6,92436,11,1468100382.61
94060,93500,4,94433,6,1468100414.3
94060,93500,4,94433,6,1468100446.18
99164,111500,6,92436,11,1468100477.9
94060,93500,4,94433,6,1468100509.58
94060,93500,4,94433,6,1468100541.46
94060,93500,4,94433,6,1468100573.13
94060,93500,4,94433,6,1468100604.87
94060,93500,4,94433,6,1468100636.6
94060,93500,4,94433,6,1468100668.63
94060,93500,4,94433,6,1468100700.38
94060,93500,4,94433,6,1468100732.14
94060,93500,4,94433,6,1468100763.87
94060,93500,4,94433,6,1468100795.66
94060,93500,4,94433,6,1468100827.38
94060,93500,4,94433,6,1468100859.12
94060,93500,4,94433,6,1468100890.84
94060,93500,4,94433,6,1468100922.66
94060,93500,4,94433,6,1468100954.53
94060,93500,4,94433,6,1468100986.52
94060,93500,4,94433,6,1468101018.27
94060,93500,4,94433,6,1468101050.05
94060,93500,4,94433,6,1468101082.07
94060,93500,4,94433,6,1468101113.93
98236,102800,5,94433,6,1468101145.8
94060,93500,4,94433,6,1468101177.58
98236,102800,5,94433,6,1468101209.32
98236,102800,5,94433,6,1468101241.04
98236,102800,5,94433,6,1468101272.93
98236,102800,5,94433,6,1468101304.83
98236,102800,5,94433,6,1468101336.56
98383,102333,6,94433,6,1468101368.3
98383,102333,6,94433,6,1468101400.16
98383,102333,6,94433,6,1468101431.9
98383,102333,6,94433,6,1468101463.75
98383,102333,6,94433,6,1468101495.61
98383,102333,6,94433,6,1468101527.37
98383,102333,6,94433,6,1468101559.43
98383,102333,6,94433,6,1468101591.16
98383,102333,6,94433,6,1468101622.88
98383,102333,6,94433,6,1468101654.61
98383,102333,6,94433,6,1468101686.33
98383,102333,6,94433,6,1468101718.07
98383,102333,6,94433,6,1468101749.93
98383,102333,6,94433,6,1468101781.65
98383,102333,6,94433,6,1468101813.43
98383,102333,6,94433,6,1468101845.14
98383,102333,6,94433,6,1468101876.98
98383,102333,6,94433,6,1468101908.72
98383,102333,6,94433,6,1468101940.48
98383,102333,6,94433,6,1468101972.33
98383,102333,6,94433,6,1468102004.11
98383,102333,6,94433,6,1468102035.86
92142,110000,3,78750,4,1468102067.59
92142,110000,3,78750,4,1468102099.36
92142,110000,3,78750,4,1468102131.1
90000,110000,3,78000,5,1468102162.95
92142,110000,3,78750,4,1468102194.65
90000,110000,3,78000,5,1468102226.41
90000,110000,3,78000,5,1468102258.17
90000,110000,3,78000,5,1468102290.18
92142,110000,3,78750,4,1468102321.9
90000,110000,3,78000,5,1468102353.86
92142,110000,3,78750,4,1468102385.59
92142,110000,3,78750,4,1468102417.33
90000,110000,3,78000,5,1468102449.04
90000,110000,3,78000,5,1468102480.74
92142,110000,3,78750,4,1468102512.46
90000,110000,3,78000,5,1468102544.22
90000,110000,3,78000,5,1468102576.07
90000,110000,3,78000,5,1468102607.8
90000,110000,3,78000,5,1468102639.81
90000,110000,3,78000,5,1468102671.53
88333,110000,3,77500,6,1468102703.42
88333,110000,3,77500,6,1468102735.14
88333,110000,3,77500,6,1468102766.84
88333,110000,3,77500,6,1468102798.69
88333,110000,3,77500,6,1468102830.4
84666,88125,8,80714,7,1468102862.29
88333,110000,3,77500,6,1468102894.07
84666,88125,8,80714,7,1468102925.77
88333,110000,3,77500,6,1468102957.5
88333,110000,3,77500,6,1468102989.22
84666,88125,8,80714,7,1468103021.14
84666,88125,8,80714,7,1468103052.86
88333,110000,3,77500,6,1468103084.58
84666,88125,8,80714,7,1468103116.29
88333,110000,3,77500,6,1468103148.18
84666,88125,8,80714,7,1468103180.0
88333,110000,3,77500,6,1468103211.75
84666,88125,8,80714,7,1468103243.49
88333,110000,3,77500,6,1468103275.25
84345,89029,9,79075,8,1468103307.02
84345,89029,9,79075,8,1468103338.75
84666,88125,8,80714,7,1468103370.5
84666,88125,8,80714,7,1468103402.24
84666,88125,8,80714,7,1468103434.01
82992,89029,9,76955,9,1468103465.73
82992,89029,9,76955,9,1468103497.47
82992,89029,9,76955,9,1468103529.21
84345,89029,9,79075,8,1468103560.94
82992,89029,9,76955,9,1468103592.64
84345,89029,9,79075,8,1468103624.39
82992,89029,9,76955,9,1468103656.13
84345,89029,9,79075,8,1468103688.0
82992,89029,9,76955,9,1468103719.76
84345,89029,9,79075,8,1468103751.48
82992,89029,9,76955,9,1468103783.4
82992,89029,9,76955,9,1468103815.16
84345,89029,9,79075,8,1468103846.91
82992,89029,9,76955,9,1468103878.77
87312,89297,11,85327,11,1468103910.57
87312,89297,11,85327,11,1468103942.48
87312,89297,11,85327,11,1468103974.38
82992,89029,9,76955,9,1468104006.13
87312,89297,11,85327,11,1468104037.9
87312,89297,11,85327,11,1468104069.61
87312,89297,11,85327,11,1468104101.33
92434,92272,12,92584,13,1468104133.07
87312,89297,11,85327,11,1468104164.94
87312,89297,11,85327,11,1468104196.67
87312,89297,11,85327,11,1468104228.41
92434,92272,12,92584,13,1468104260.18
92434,92272,12,92584,13,1468104291.94
92434,92272,12,92584,13,1468104323.69
92434,92272,12,92584,13,1468104355.47
92434,92272,12,92584,13,1468104387.24
92434,92272,12,92584,13,1468104419.12
92434,92272,12,92584,13,1468104450.93
92434,92272,12,92584,13,1468104482.68
92434,92272,12,92584,13,1468104514.43
92434,92272,12,92584,13,1468104546.25
92434,92272,12,92584,13,1468104578.0
92434,92272,12,92584,13,1468104609.75
92434,92272,12,92584,13,1468104641.48
92434,92272,12,92584,13,1468104673.19
92434,92272,12,92584,13,1468104704.99
92434,92272,12,92584,13,1468104736.71
92434,92272,12,92584,13,1468104768.62
92434,92272,12,92584,13,1468104800.36
86006,94993,2,80014,3,1468126818.78
86006,94993,2,80014,3,1468126850.54
86006,94993,2,80014,3,1468126882.27
86006,94993,2,80014,3,1468126914.12
86006,94993,2,80014,3,1468126946.02
86006,94993,2,80014,3,1468126977.78
86006,94993,2,80014,3,1468127009.73
86006,94993,2,80014,3,1468127041.59
86006,94993,2,80014,3,1468127073.3
86006,94993,2,80014,3,1468127105.1
86006,94993,2,80014,3,1468127136.86
86006,94993,2,80014,3,1468127168.74
86006,94993,2,80014,3,1468127201.51
86006,94993,2,80014,3,1468127233.38
86006,94993,2,80014,3,1468127265.33
86006,94993,2,80014,3,1468127297.07
86006,94993,2,80014,3,1468127328.8
86006,94993,2,80014,3,1468127360.55
86006,94993,2,80014,3,1468127392.3
83332,89987,1,80004,2,1468127424.01
83332,89987,1,80004,2,1468127455.97
83332,89987,1,80004,2,1468127487.72
83332,89987,1,80004,2,1468127519.46
83332,89987,1,80004,2,1468127552.42
83332,89987,1,80004,2,1468127584.17
83332,89987,1,80004,2,1468127615.88
83332,89987,1,80004,2,1468127647.58
83332,89987,1,80004,2,1468127679.47
83332,89987,1,80004,2,1468127711.24
83332,89987,1,80004,2,1468127742.99
83332,89987,1,80004,2,1468127774.75
83332,89987,1,80004,2,1468127806.55
83332,89987,1,80004,2,1468127838.31
83332,89987,1,80004,2,1468127870.02
83332,89987,1,80004,2,1468127901.77
83332,89987,1,80004,2,1468127933.53
83332,89987,1,80004,2,1468127965.31
83332,89987,1,80004,2,1468127997.04
83332,89987,1,80004,2,1468128028.76
83332,89987,1,80004,2,1468128060.52
83332,89987,1,80004,2,1468128092.24
83332,89987,1,80004,2,1468128123.97
83332,89987,1,80004,2,1468128155.77
83332,89987,1,80004,2,1468128187.5
87499,89987,1,86669,3,1468128219.24
87499,89987,1,86669,3,1468128250.98
83332,89987,1,80004,2,1468128283.71
87499,89987,1,86669,3,1468128315.45
83332,89987,1,80004,2,1468128347.19
87499,89987,1,86669,3,1468128378.93
83332,89987,1,80004,2,1468128410.68
87499,89987,1,86669,3,1468128442.42
87499,89987,1,86669,3,1468128474.23
83332,89987,1,80004,2,1468128505.98
87499,89987,1,86669,3,1468128537.73
83332,89987,1,80004,2,1468128569.5
83332,89987,1,80004,2,1468128601.31
83332,89987,1,80004,2,1468128633.11
87499,89987,1,86669,3,1468128664.89
87499,89987,1,86669,3,1468128696.67
87499,89987,1,86669,3,1468128728.45
87499,89987,1,86669,3,1468128760.17
87499,89987,1,86669,3,1468128792.05
86669,0,0,86669,3,1468128823.79
87499,89987,1,86669,3,1468128856.11
87499,89987,1,86669,3,1468128888.13
86669,0,0,86669,3,1468128919.9
86669,0,0,86669,3,1468128951.63
87499,89987,1,86669,3,1468128983.51
87499,89987,1,86669,3,1468129015.32
87499,89987,1,86669,3,1468129047.12
87499,89987,1,86669,3,1468129079.0
87499,89987,1,86669,3,1468129110.75
87499,89987,1,86669,3,1468129142.5
86669,0,0,86669,3,1468129174.28
87499,89987,1,86669,3,1468129206.02
86669,0,0,86669,3,1468129237.77
86669,0,0,86669,3,1468129269.54
80003,0,0,80003,4,1468129301.31
86669,0,0,86669,3,1468129333.03
86669,0,0,86669,3,1468129364.82
86669,0,0,86669,3,1468129396.6
80003,0,0,80003,4,1468129428.34
80003,0,0,80003,4,1468129460.09
80003,0,0,80003,4,1468129491.84
80003,0,0,80003,4,1468129523.58
80003,0,0,80003,4,1468129555.58
80003,0,0,80003,4,1468129587.34
80003,0,0,80003,4,1468129619.14
80003,0,0,80003,4,1468129651.02
80003,0,0,80003,4,1468129682.79
80003,0,0,80003,4,1468129714.72
80003,0,0,80003,4,1468129746.44
80003,0,0,80003,4,1468129778.16
80003,0,0,80003,4,1468129809.91
80003,0,0,80003,4,1468129841.69
80003,0,0,80003,4,1468129873.42
80003,0,0,80003,4,1468129905.17
80003,0,0,80003,4,1468129936.99
80003,0,0,80003,4,1468129968.73
80003,0,0,80003,4,1468130000.63
80003,0,0,80003,4,1468130032.52
80003,0,0,80003,4,1468130064.24
80003,0,0,80003,4,1468130096.15
76002,0,0,76002,5,1468130127.88
76002,0,0,76002,5,1468130159.65
80003,0,0,80003,4,1468130191.42
80003,0,0,80003,4,1468130223.23
80003,0,0,80003,4,1468130255.13
80003,0,0,80003,4,1468130286.88
76002,0,0,76002,5,1468130318.68
80002,100000,1,76002,5,1468130350.6
80002,100000,1,76002,5,1468130382.37
76002,0,0,76002,5,1468130414.1
76002,0,0,76002,5,1468130445.87
80002,100000,1,76002,5,1468130477.62
80002,100000,1,76002,5,1468130509.34
80002,100000,1,76002,5,1468130541.1
76002,0,0,76002,5,1468130572.84
76002,0,0,76002,5,1468130604.59
76002,0,0,76002,5,1468130636.32
80002,100000,1,76002,5,1468130668.04
80002,100000,1,76002,5,1468130699.78
70001,80000,2,60001,3,1468130731.71
70001,80000,2,60001,3,1468130763.68
70001,80000,2,60001,3,1468130795.48
70001,80000,2,60001,3,1468130827.24
80002,100000,1,76002,5,1468130859.01
80002,100000,1,76002,5,1468130890.95
70001,80000,2,60001,3,1468130922.71
66875,68594,16,60001,4,1468130954.6
70001,80000,2,60001,3,1468130986.51
66875,68594,16,60001,4,1468131018.27
66875,68594,16,60001,4,1468131050.03
70001,80000,2,60001,3,1468131081.77
66875,68594,16,60001,4,1468131113.49
66875,68594,16,60001,4,1468131145.27
70001,80000,2,60001,3,1468131177.02
66875,68594,16,60001,4,1468131208.79
70001,80000,2,60001,3,1468131240.56
66875,68594,16,60001,4,1468131272.31
66875,68594,16,60001,4,1468131304.11
66875,68594,16,60001,4,1468131335.94
66875,68594,16,60001,4,1468131367.69
68068,69265,17,64000,5,1468131399.6
66875,68594,16,60001,4,1468131431.34
68068,69265,17,64000,5,1468131463.08
68068,69265,17,64000,5,1468131494.81
68068,69265,17,64000,5,1468131526.59
68068,69265,17,64000,5,1468131558.56
68068,69265,17,64000,5,1468131590.36
68068,69265,17,64000,5,1468131622.12
68068,69265,17,64000,5,1468131653.95
68068,69265,17,64000,5,1468131685.74
68068,69265,17,64000,5,1468131717.51
68068,69265,17,64000,5,1468131749.72
68068,69265,17,64000,5,1468131781.51
68068,69265,17,64000,5,1468131813.28
68068,69265,17,64000,5,1468131845.19
68068,69265,17,64000,5,1468131877.12
68068,69265,17,64000,5,1468131908.93
68068,69265,17,64000,5,1468131940.72
68068,69265,17,64000,5,1468131972.46
68068,69265,17,64000,5,1468132004.22
68068,69265,17,64000,5,1468132036.03
70316,69265,17,71691,13,1468132067.76
70316,69265,17,71691,13,1468132099.53
70316,69265,17,71691,13,1468132131.3
68068,69265,17,64000,5,1468132163.12
70628,69265,17,72284,14,1468132195.03
70316,69265,17,71691,13,1468132226.82
70628,69265,17,72284,14,1468132258.58
70628,69265,17,72284,14,1468132290.32
70316,69265,17,71691,13,1468132322.08
70316,69265,17,71691,13,1468132354.19
70316,69265,17,71691,13,1468132387.15
70316,69265,17,71691,13,1468132418.93
70316,69265,17,71691,13,1468132450.73
70316,69265,17,71691,13,1468132482.49
70316,69265,17,71691,13,1468132514.39
70628,69265,17,72284,14,1468132546.2
70316,69265,17,71691,13,1468132577.96
70316,69265,17,71691,13,1468132609.71
70316,69265,17,71691,13,1468132641.65
70628,69265,17,72284,14,1468132673.42
70628,69265,17,72284,14,1468132705.18
70628,69265,17,72284,14,1468132736.96
70338,67344,16,74331,12,1468132768.74
70338,67344,16,74331,12,1468132800.53
70338,67344,16,74331,12,1468132832.34
70338,67344,16,74331,12,1468132864.28
70338,67344,16,74331,12,1468132896.07
70338,67344,16,74331,12,1468132927.87
70338,67344,16,74331,12,1468132959.67
70338,67344,16,74331,12,1468132991.42
70338,67344,16,74331,12,1468133023.34
70338,67344,16,74331,12,1468133055.17
70338,67344,16,74331,12,1468133086.94
70338,67344,16,74331,12,1468133118.69
70338,67344,16,74331,12,1468133150.44
70338,67344,16,74331,12,1468133182.21
70338,67344,16,74331,12,1468133214.31
70338,67344,16,74331,12,1468133246.26
70338,67344,16,74331,12,1468133278.08
70338,67344,16,74331,12,1468133309.84
70338,67344,16,74331,12,1468133341.67
70338,67344,16,74331,12,1468133373.49
70338,67344,16,74331,12,1468133405.29
70338,67344,16,74331,12,1468133437.1
70338,67344,16,74331,12,1468133469.02
70338,67344,16,74331,12,1468133500.8
70338,67344,16,74331,12,1468133532.56
70338,67344,16,74331,12,1468133564.3
70338,67344,16,74331,12,1468133596.06
70338,67344,16,74331,12,1468133627.85
70338,67344,16,74331,12,1468133659.6
70338,67344,16,74331,12,1468133691.36
70338,67344,16,74331,12,1468133723.19
70338,67344,16,74331,12,1468133754.95
70338,67344,16,74331,12,1468133786.72
70338,67344,16,74331,12,1468133818.49
70316,68088,17,73229,13,1468133850.24
70338,67344,16,74331,12,1468133882.27
70316,68088,17,73229,13,1468133914.08
70316,68088,17,73229,13,1468133945.86
70316,68088,17,73229,13,1468133977.79
70316,68088,17,73229,13,1468134009.56
70316,68088,17,73229,13,1468134041.33
70316,68088,17,73229,13,1468134073.07
70316,68088,17,73229,13,1468134104.81
70316,68088,17,73229,13,1468134136.58
70316,68088,17,73229,13,1468134168.35
70316,68088,17,73229,13,1468134200.26
70316,68088,17,73229,13,1468134232.15
70316,68088,17,73229,13,1468134263.95
70316,68088,17,73229,13,1468134295.69
70316,68088,17,73229,13,1468134327.45
70316,68088,17,73229,13,1468134359.21
70316,68088,17,73229,13,1468134390.98
70316,68088,17,73229,13,1468134422.86
70316,68088,17,73229,13,1468134454.94
70316,68088,17,73229,13,1468134486.86
69998,79997,1,60000,1,1468134518.63
69998,79997,1,60000,1,1468134550.54
69998,79997,1,60000,1,1468134582.29
69998,79997,1,60000,1,1468134614.06
69998,79997,1,60000,1,1468134645.82
69998,79997,1,60000,1,1468134677.57
69998,79997,1,60000,1,1468134709.63
69998,79997,1,60000,1,1468134741.41
69998,79997,1,60000,1,1468134773.19
69998,79997,1,60000,1,1468134804.96
69998,79997,1,60000,1,1468134836.73
69998,79997,1,60000,1,1468134868.53
69998,79997,1,60000,1,1468134900.47
69998,79997,1,60000,1,1468134932.36
69998,79997,1,60000,1,1468134964.15
69998,79997,1,60000,1,1468134996.05
69998,79997,1,60000,1,1468135027.84
69998,79997,1,60000,1,1468135059.61
69998,79997,1,60000,1,1468135091.34
69998,79997,1,60000,1,1468135123.13
69998,79997,1,60000,1,1468135155.08
69998,79997,1,60000,1,1468135186.86
69998,79997,1,60000,1,1468135218.61
69998,79997,1,60000,1,1468135250.38
69998,79997,1,60000,1,1468135282.14
69998,79997,1,60000,1,1468135313.89
69998,79997,1,60000,1,1468135345.64
69998,79997,1,60000,1,1468135377.39
69998,79997,1,60000,1,1468135409.54
69998,79997,1,60000,1,1468135441.35
69998,79997,1,60000,1,1468135473.09
69998,79997,1,60000,1,1468135504.88
69998,79997,1,60000,1,1468135536.65
69998,79997,1,60000,1,1468135568.4
69998,79997,1,60000,1,1468135600.21
69998,79997,1,60000,1,1468135631.99
69998,79997,1,60000,1,1468135663.75
69998,79997,1,60000,1,1468135695.66
69998,79997,1,60000,1,1468135727.42
74997,79997,3,60000,1,1468135759.19
74997,79997,3,60000,1,1468135791.08
69998,79997,1,60000,1,1468135822.84
74997,79997,3,60000,1,1468135854.59
74997,79997,3,60000,1,1468135886.34
74997,79997,3,60000,1,1468135918.13
74997,79997,3,60000,1,1468135949.9
74997,79997,3,60000,1,1468135982.04
74997,79997,3,60000,1,1468136013.87
74997,79997,3,60000,1,1468136045.63
74997,79997,3,60000,1,1468136077.67
74997,79997,3,60000,1,1468136109.52
74997,79997,3,60000,1,1468136141.43
74997,79997,3,60000,1,1468136173.21
74997,79997,3,60000,1,1468136205.19
74997,79997,3,60000,1,1468136237.13
74997,79997,3,60000,1,1468136268.9
74997,79997,3,60000,1,1468136300.7
74997,79997,3,60000,1,1468136332.49
74997,79997,3,60000,1,1468136364.28
74997,79997,3,60000,1,1468136396.21
74997,79997,3,60000,1,1468136428.0
74997,79997,3,60000,1,1468136459.92
74997,79997,3,60000,1,1468136491.71
74997,79997,3,60000,1,1468136523.54
74997,79997,3,60000,1,1468136555.39
74997,79997,3,60000,1,1468136587.27
74997,79997,3,60000,1,1468136619.09
74997,79997,3,60000,1,1468136650.87
74997,79997,3,60000,1,1468136682.81
74997,79997,3,60000,1,1468136714.7
74997,79997,3,60000,1,1468136746.5
74997,79997,3,60000,1,1468136778.28
74997,79997,3,60000,1,1468136810.23
74997,79997,3,60000,1,1468136842.01
74997,79997,3,60000,1,1468136873.81
74997,79997,3,60000,1,1468136905.6
74997,79997,3,60000,1,1468136937.39
74997,79997,3,60000,1,1468136969.48
71664,73997,5,60000,1,1468137001.27
74997,79997,3,60000,1,1468137033.07
74997,79997,3,60000,1,1468137064.85
71664,73997,5,60000,1,1468137096.66
71664,73997,5,60000,1,1468137128.45
71664,73997,5,60000,1,1468137160.29
71664,73997,5,60000,1,1468137192.04
71664,73997,5,60000,1,1468137223.79
71664,73997,5,60000,1,1468137255.55
71664,73997,5,60000,1,1468137287.27
71664,73997,5,60000,1,1468137319.21
71248,74998,6,60000,2,1468137351.05
71248,74998,6,60000,2,1468137382.84
71248,74998,6,60000,2,1468137414.74
71248,74998,6,60000,2,1468137446.53
71664,73997,5,60000,1,1468137478.31
71248,74998,6,60000,2,1468137510.1
71248,74998,6,60000,2,1468137541.9
71248,74998,6,60000,2,1468137573.83
71248,74998,6,60000,2,1468137605.64
71248,74998,6,60000,2,1468137637.44
71248,74998,6,60000,2,1468137669.21
71248,74998,6,60000,2,1468137700.98
71248,74998,6,60000,2,1468137732.88
71248,74998,6,60000,2,1468137764.67
71248,74998,6,60000,2,1468137796.82
71248,74998,6,60000,2,1468137828.6
71248,74998,6,60000,2,1468137860.38
71248,74998,6,60000,2,1468137892.12
71248,74998,6,60000,2,1468137923.89
71665,73998,5,70000,2,1468137955.81
71248,74998,6,60000,2,1468137987.73
71665,73998,5,70000,2,1468138019.67
71248,74998,6,60000,2,1468138051.44
71665,73998,5,70000,2,1468138083.18
71665,73998,5,70000,2,1468138115.13
73749,74999,6,70000,2,1468138147.03
73749,74999,6,70000,2,1468138178.84
71665,73998,5,70000,2,1468138210.66
71665,73998,5,70000,2,1468138242.42
71665,73998,5,70000,2,1468138274.19
73749,74999,6,70000,2,1468138306.01
71665,73998,5,70000,2,1468138337.76
71665,73998,5,70000,2,1468138369.53
71665,73998,5,70000,2,1468138401.63
73749,74999,6,70000,2,1468138433.4
73749,74999,6,70000,2,1468138465.32
73749,74999,6,70000,2,1468138497.22
71665,73998,5,70000,2,1468138529.01
73749,74999,6,70000,2,1468138560.96
73749,74999,6,70000,2,1468138592.76
73749,74999,6,70000,2,1468138624.49
73749,74999,6,70000,2,1468138656.25
73749,74999,6,70000,2,1468138688.18
73749,74999,6,70000,2,1468138720.11
73749,74999,6,70000,2,1468138752.03
73749,74999,6,70000,2,1468138783.79
73749,74999,6,70000,2,1468138815.57
73749,74999,6,70000,2,1468138847.63
73749,74999,6,70000,2,1468138879.42
73749,74999,6,70000,2,1468138911.35
73749,74999,6,70000,2,1468138943.13
73749,74999,6,70000,2,1468138974.97
73749,74999,6,70000,2,1468139006.87
73749,74999,6,70000,2,1468139038.65
73749,74999,6,70000,2,1468139070.54
73749,74999,6,70000,2,1468139102.3
73749,74999,6,70000,2,1468139134.17
73749,74999,6,70000,2,1468139165.95
73749,74999,6,70000,2,1468139197.76
73749,74999,6,70000,2,1468139229.69
80832,79999,8,82500,4,1468139261.47
73749,74999,6,70000,2,1468139293.25
73749,74999,6,70000,2,1468139325.06
80832,79999,8,82500,4,1468139356.85
80001,79999,8,80004,5,1468139388.77
80832,79999,8,82500,4,1468139420.54
80832,79999,8,82500,4,1468139452.33
80001,79999,8,80004,5,1468139484.11
80832,79999,8,82500,4,1468139516.01
80001,79999,8,80004,5,1468139547.92
80832,79999,8,82500,4,1468139579.83
80001,79999,8,80004,5,1468139611.64
80832,79999,8,82500,4,1468139643.41
80001,79999,8,80004,5,1468139675.36
80001,79999,8,80004,5,1468139707.17
80001,79999,8,80004,5,1468139738.96
80001,79999,8,80004,5,1468139770.74
80832,79999,8,82500,4,1468139802.8
80832,79999,8,82500,4,1468139834.58
86252,87500,4,85005,4,1468139866.38
86252,87500,4,85005,4,1468139898.14
80001,79999,8,80004,5,1468139930.08
86252,87500,4,85005,4,1468139961.84
86252,87500,4,85005,4,1468139993.65
86252,87500,4,85005,4,1468140025.44
86252,87500,4,85005,4,1468140057.23
86252,87500,4,85005,4,1468140089.03
86252,87500,4,85005,4,1468140120.81
86252,87500,4,85005,4,1468140152.6
86252,87500,4,85005,4,1468140184.66
86252,87500,4,85005,4,1468140216.45
86252,87500,4,85005,4,1468140248.4
86252,87500,4,85005,4,1468140280.23
86252,87500,4,85005,4,1468140312.04
86252,87500,4,85005,4,1468140344.0
86252,87500,4,85005,4,1468140375.8
86252,87500,4,85005,4,1468140407.58
86252,87500,4,85005,4,1468140439.49
86252,87500,4,85005,4,1468140471.42
86252,87500,4,85005,4,1468140503.2
86252,87500,4,85005,4,1468140534.97
86252,87500,4,85005,4,1468140567.03
86252,87500,4,85005,4,1468140598.79
86252,87500,4,85005,4,1468140630.81
86252,87500,4,85005,4,1468140662.59
86252,87500,4,85005,4,1468140694.44
86252,87500,4,85005,4,1468140726.23
86252,87500,4,85005,4,1468140758.0
86252,87500,4,85005,4,1468140790.01
86252,87500,4,85005,4,1468140821.83
86252,87500,4,85005,4,1468140853.63
86252,87500,4,85005,4,1468140885.4
84449,87500,4,82008,5,1468140918.17
84449,87500,4,82008,5,1468140950.76
86252,87500,4,85005,4,1468140982.52
86252,87500,4,85005,4,1468141014.3
84449,87500,4,82008,5,1468141046.09
86252,87500,4,85005,4,1468141078.01
84449,87500,4,82008,5,1468141109.87
84449,87500,4,82008,5,1468141141.63
84449,87500,4,82008,5,1468141173.44
84449,87500,4,82008,5,1468141205.27
84449,87500,4,82008,5,1468141237.04
84449,87500,4,82008,5,1468141268.86
84449,87500,4,82008,5,1468141300.66
84449,87500,4,82008,5,1468141332.6
84449,87500,4,82008,5,1468141364.67
84449,87500,4,82008,5,1468141396.48
84449,87500,4,82008,5,1468141428.28
84449,87500,4,82008,5,1468141460.06
84449,87500,4,82008,5,1468141491.84
70022,0,0,70022,1,1468141523.76
70022,0,0,70022,1,1468141555.71
70022,0,0,70022,1,1468141587.62
84449,87500,4,82008,5,1468141619.46
84449,87500,4,82008,5,1468141651.23
70022,0,0,70022,1,1468141683.01
70022,0,0,70022,1,1468141714.83
70022,0,0,70022,1,1468141747.62
70022,0,0,70022,1,1468141779.42
70022,0,0,70022,1,1468141811.37
70022,0,0,70022,1,1468141843.44
70022,0,0,70022,1,1468141875.22
70022,0,0,70022,1,1468141907.21
70022,0,0,70022,1,1468141939.15
70022,0,0,70022,1,1468141970.97
70022,0,0,70022,1,1468142002.75
70022,0,0,70022,1,1468142034.55
70022,0,0,70022,1,1468142066.6
70022,0,0,70022,1,1468142098.4
70022,0,0,70022,1,1468142130.18
70022,0,0,70022,1,1468142161.95
74511,79000,1,74511,2,1468142193.75
74511,79000,1,74511,2,1468142225.68
74511,79000,1,74511,2,1468142257.46
74511,79000,1,74511,2,1468142289.27
74511,79000,1,74511,2,1468142321.2
74511,79000,1,74511,2,1468142352.98
74511,79000,1,74511,2,1468142384.92
74511,79000,1,74511,2,1468142416.72
74511,79000,1,74511,2,1468142448.52
74511,79000,1,74511,2,1468142480.3
74511,79000,1,74511,2,1468142512.09
74511,79000,1,74511,2,1468142543.89
74511,79000,1,74511,2,1468142575.71
74511,79000,1,74511,2,1468142607.52
74511,79000,1,74511,2,1468142639.34
74511,79000,1,74511,2,1468142671.32
74511,79000,1,74511,2,1468142704.27
74511,79000,1,74511,2,1468142736.08
91335,89000,2,92003,7,1468142767.96
91335,89000,2,92003,7,1468142799.94
74511,79000,1,74511,2,1468142831.87
74511,79000,1,74511,2,1468142863.83
91335,89000,2,92003,7,1468142895.63
74511,79000,1,74511,2,1468142927.43
91335,89000,2,92003,7,1468142959.21
91335,89000,2,92003,7,1468142991.0
91335,89000,2,92003,7,1468143022.79
91335,89000,2,92003,7,1468143054.61
91335,89000,2,92003,7,1468143086.56
91335,89000,2,92003,7,1468143118.42
91335,89000,2,92003,7,1468143150.27
91335,89000,2,92003,7,1468143182.21
91335,89000,2,92003,7,1468143214.04
91335,89000,2,92003,7,1468143245.81
91335,89000,2,92003,7,1468143277.61
91335,89000,2,92003,7,1468143309.55
91335,89000,2,92003,7,1468143341.35
91335,89000,2,92003,7,1468143373.18
87000,76334,6,96142,7,1468143405.15
87000,76334,6,96142,7,1468143436.95
91335,89000,2,92003,7,1468143468.87
91335,89000,2,92003,7,1468143500.72
87000,76334,6,96142,7,1468143532.54
87000,76334,6,96142,7,1468143564.34
87000,76334,6,96142,7,1468143596.12
87000,76334,6,96142,7,1468143627.92
87000,76334,6,96142,7,1468143659.99
87000,76334,6,96142,7,1468143692.63
87000,76334,6,96142,7,1468143724.9
87000,76334,6,96142,7,1468143756.7
87000,76334,6,96142,7,1468143788.69
87000,76334,6,96142,7,1468143820.67
87000,76334,6,96142,7,1468143852.47
87000,76334,6,96142,7,1468143884.29
87000,76334,6,96142,7,1468143916.1
87000,76334,6,96142,7,1468143947.94
87000,76334,6,96142,7,1468143979.81
87000,76334,6,96142,7,1468144011.63
87000,76334,6,96142,7,1468144043.6
87000,76334,6,96142,7,1468144075.45
87000,76334,6,96142,7,1468144107.3
87000,76334,6,96142,7,1468144139.27
79225,72878,15,91125,8,1468144171.08
79225,72878,15,91125,8,1468144203.05
79225,72878,15,91125,8,1468144235.04
79225,72878,15,91125,8,1468144266.84
79225,72878,15,91125,8,1468144298.81
79225,72878,15,91125,8,1468144330.61
79225,72878,15,91125,8,1468144362.57
79225,72878,15,91125,8,1468144394.38
79225,72878,15,91125,8,1468144426.4
79225,72878,15,91125,8,1468144458.23
79225,72878,15,91125,8,1468144490.06
78257,72878,15,87222,9,1468144521.98
78257,72878,15,87222,9,1468144553.81
78257,72878,15,87222,9,1468144585.75
78257,72878,15,87222,9,1468144617.57
78257,72878,15,87222,9,1468144649.54
79225,72878,15,91125,8,1468144681.36
78257,72878,15,87222,9,1468144713.39
78257,72878,15,87222,9,1468144745.31
78257,72878,15,87222,9,1468144777.16
78257,72878,15,87222,9,1468144809.98
78257,72878,15,87222,9,1468144841.79
78257,72878,15,87222,9,1468144873.59
78257,72878,15,87222,9,1468144905.55
78257,72878,15,87222,9,1468144937.35
78257,72878,15,87222,9,1468144969.17
78257,72878,15,87222,9,1468145001.01
78257,72878,15,87222,9,1468145032.95
78257,72878,15,87222,9,1468145064.89
78257,72878,15,87222,9,1468145096.72
70386,70398,13,70333,3,1468145128.73
70386,70398,13,70333,3,1468145160.7
78257,72878,15,87222,9,1468145192.51
70386,70398,13,70333,3,1468145224.36
70386,70398,13,70333,3,1468145256.18
78257,72878,15,87222,9,1468145288.14
70693,71084,14,69600,5,1468145320.12
70386,70398,13,70333,3,1468145352.07
70693,71084,14,69600,5,1468145383.9
70693,71084,14,69600,5,1468145415.71
70386,70398,13,70333,3,1468145447.51
70693,71084,14,69600,5,1468145479.37
70693,71084,14,69600,5,1468145511.21
70693,71084,14,69600,5,1468145543.3
70386,70398,13,70333,3,1468145575.17
70693,71084,14,69600,5,1468145607.0
70693,71084,14,69600,5,1468145638.8
70386,70398,13,70333,3,1468145670.71
70693,71084,14,69600,5,1468145702.53
75268,74323,16,77428,7,1468145734.43
70693,71084,14,69600,5,1468145766.25
75268,74323,16,77428,7,1468145798.11
75268,74323,16,77428,7,1468145829.93
70693,71084,14,69600,5,1468145861.9
75268,74323,16,77428,7,1468145893.74
75268,74323,16,77428,7,1468145925.59
75268,74323,16,77428,7,1468145957.74
75268,74323,16,77428,7,1468145989.58
75268,74323,16,77428,7,1468146021.54
75268,74323,16,77428,7,1468146053.52
75268,74323,16,77428,7,1468146085.33
75268,74323,16,77428,7,1468146117.29
75268,74323,16,77428,7,1468146149.73
75268,74323,16,77428,7,1468146181.71
75268,74323,16,77428,7,1468146213.68
75268,74323,16,77428,7,1468146245.5
75268,74323,16,77428,7,1468146277.48
75268,74323,16,77428,7,1468146309.31
75268,74323,16,77428,7,1468146341.19
75268,74323,16,77428,7,1468146373.17
75268,74323,16,77428,7,1468146405.03
75268,74323,16,77428,7,1468146437.11
75268,74323,16,77428,7,1468146469.06
75268,74323,16,77428,7,1468146500.85
75268,74323,16,77428,7,1468146532.68
75268,74323,16,77428,7,1468146564.78
75268,74323,16,77428,7,1468146597.14
75268,74323,16,77428,7,1468146629.09
75268,74323,16,77428,7,1468146661.04
75268,74323,16,77428,7,1468146693.01
75268,74323,16,77428,7,1468146724.81
75268,74323,16,77428,7,1468146756.78
75268,74323,16,77428,7,1468146788.76
75268,74323,16,77428,7,1468146820.75
75268,74323,16,77428,7,1468146852.69
75268,74323,16,77428,7,1468146884.86
75268,74323,16,77428,7,1468146916.81
75268,74323,16,77428,7,1468146948.81
86428,91333,3,82750,4,1468146980.76
75268,74323,16,77428,7,1468147012.71
75268,74323,16,77428,7,1468147044.65
75268,74323,16,77428,7,1468147076.63
75268,74323,16,77428,7,1468147108.43
86428,91333,3,82750,4,1468147140.24
86428,91333,3,82750,4,1468147172.11
86428,91333,3,82750,4,1468147204.0
86428,91333,3,82750,4,1468147235.85
86428,91333,3,82750,4,1468147267.94
86428,91333,3,82750,4,1468147299.78
86428,91333,3,82750,4,1468147331.62
86428,91333,3,82750,4,1468147363.61
86428,91333,3,82750,4,1468147395.44
86428,91333,3,82750,4,1468147427.42
86428,91333,3,82750,4,1468147459.23
86428,91333,3,82750,4,1468147491.06
86428,91333,3,82750,4,1468147523.0
86428,91333,3,82750,4,1468147555.26
86428,91333,3,82750,4,1468147587.38
88000,93250,4,86000,5,1468147619.18
86428,91333,3,82750,4,1468147651.31
86428,91333,3,82750,4,1468147683.12
86428,91333,3,82750,4,1468147715.1
88000,93250,4,86000,5,1468147746.91
88000,93250,4,86000,5,1468147778.7
88000,93250,4,86000,5,1468147810.93
88000,93250,4,86000,5,1468147842.75
88000,93250,4,86000,5,1468147874.53
88000,93250,4,86000,5,1468147906.34
88000,93250,4,86000,5,1468147938.13
88000,93250,4,86000,5,1468147970.2
88000,93250,4,86000,5,1468148001.98
88000,93250,4,86000,5,1468148033.84
88000,93250,4,86000,5,1468148065.66
88000,93250,4,86000,5,1468148097.61
88000,93250,4,86000,5,1468148129.64
89445,93250,4,86909,6,1468148161.47
89445,93250,4,86909,6,1468148193.43
88000,93250,4,86000,5,1468148225.39
88000,93250,4,86000,5,1468148257.31
88000,93250,4,86000,5,1468148289.39
89445,93250,4,86909,6,1468148321.39
89445,93250,4,86909,6,1468148353.18
89445,93250,4,86909,6,1468148384.99
89445,93250,4,86909,6,1468148416.8
89445,93250,4,86909,6,1468148448.65
89445,93250,4,86909,6,1468148480.46
89445,93250,4,86909,6,1468148512.26
89445,93250,4,86909,6,1468148544.1
89445,93250,4,86909,6,1468148576.02
89445,93250,4,86909,6,1468148607.84
89445,93250,4,86909,6,1468148639.63
89445,93250,4,86909,6,1468148671.63
89445,93250,4,86909,6,1468148703.45
89445,93250,4,86909,6,1468148735.32
92363,89500,2,90151,3,1468148767.14
89445,93250,4,86909,6,1468148798.94
92363,89500,2,90151,3,1468148830.9
89445,93250,4,86909,6,1468148862.95
89445,93250,4,86909,6,1468148894.91
92363,89500,2,90151,3,1468148926.71
89445,93250,4,86909,6,1468148958.52
93690,92666,3,92363,4,1468148990.48
92363,89500,2,90151,3,1468149022.43
93690,92666,3,92363,4,1468149054.4
93690,92666,3,92363,4,1468149086.25
92363,89500,2,90151,3,1468149118.33
92363,89500,2,90151,3,1468149150.14
93690,92666,3,92363,4,1468149181.9
92363,89500,2,90151,3,1468149213.86
93690,92666,3,92363,4,1468149245.83
92363,89500,2,90151,3,1468149278.71
92363,89500,2,90151,3,1468149310.53
93690,92666,3,92363,4,1468149342.48
93690,92666,3,92363,4,1468149374.26
95496,94250,4,96050,9,1468149406.09
93690,92666,3,92363,4,1468149438.19
95496,94250,4,96050,9,1468149470.04
93690,92666,3,92363,4,1468149501.98
95496,94250,4,96050,9,1468149534.01
95496,94250,4,96050,9,1468149565.83
95496,94250,4,96050,9,1468149597.78
95496,94250,4,96050,9,1468149629.72
95496,94250,4,96050,9,1468149661.67
95496,94250,4,96050,9,1468149693.59
95496,94250,4,96050,9,1468149725.58
95496,94250,4,96050,9,1468149757.63
95496,94250,4,96050,9,1468149789.43
95496,94250,4,96050,9,1468149821.35
95496,94250,4,96050,9,1468149853.18
95496,94250,4,96050,9,1468149885.11
95496,94250,4,96050,9,1468149917.05
95496,94250,4,96050,9,1468149948.87
95496,94250,4,96050,9,1468149980.7
95496,94250,4,96050,9,1468150012.5
94965,95200,5,94859,11,1468150044.3
95496,94250,4,96050,9,1468150076.25
95496,94250,4,96050,9,1468150108.04
94965,95200,5,94859,11,1468150140.13
95496,94250,4,96050,9,1468150172.01
94965,95200,5,94859,11,1468150203.85
94965,95200,5,94859,11,1468150235.95
94965,95200,5,94859,11,1468150267.8
94965,95200,5,94859,11,1468150300.61
94965,95200,5,94859,11,1468150332.76
94965,95200,5,94859,11,1468150364.84
94965,95200,5,94859,11,1468150396.91
94965,95200,5,94859,11,1468150429.01
94965,95200,5,94859,11,1468150460.8
94965,95200,5,94859,11,1468150492.61
94965,95200,5,94859,11,1468150524.43
94965,95200,5,94859,11,1468150556.26
94965,95200,5,94859,11,1468150588.06
94965,95200,5,94859,11,1468150619.84
94965,95200,5,94859,11,1468150651.79
92666,94250,4,92090,11,1468150683.57
94965,95200,5,94859,11,1468150715.39
94965,95200,5,94859,11,1468150747.19
92666,94250,4,92090,11,1468150779.14
92666,94250,4,92090,11,1468150810.97
92666,94250,4,92090,11,1468150842.78
91176,91400,5,91083,12,1468150874.72
92666,94250,4,92090,11,1468150906.65
91176,91400,5,91083,12,1468150938.45
91176,91400,5,91083,12,1468150970.23
91176,91400,5,91083,12,1468151002.34
91176,91400,5,91083,12,1468151034.28
91176,91400,5,91083,12,1468151066.09
91176,91400,5,91083,12,1468151097.89
92666,94250,4,92090,11,1468151129.85
92666,94250,4,92090,11,1468151161.98
92666,94250,4,92090,11,1468151193.96
92666,94250,4,92090,11,1468151225.97
91176,91400,5,91083,12,1468151257.78
91176,91400,5,91083,12,1468151290.53
91176,91400,5,91083,12,1468151322.34
91176,91400,5,91083,12,1468151354.19
91176,91400,5,91083,12,1468151386.3
91176,91400,5,91083,12,1468151418.22
91176,91400,5,91083,12,1468151449.98
91176,91400,5,91083,12,1468151481.94
91176,91400,5,91083,12,1468151513.74
91176,91400,5,91083,12,1468151545.55
91176,91400,5,91083,12,1468151577.36
91176,91400,5,91083,12,1468151609.17
91176,91400,5,91083,12,1468151641.16
91176,91400,5,91083,12,1468151673.25
91176,91400,5,91083,12,1468151705.17
91176,91400,5,91083,12,1468151736.97
91176,91400,5,91083,12,1468151768.95
90450,88142,7,91692,13,1468151800.74
90450,88142,7,91692,13,1468151832.54
90450,88142,7,91692,13,1468151864.78
90450,88142,7,91692,13,1468151896.6
91227,89500,8,92214,14,1468151928.39
90450,88142,7,91692,13,1468151960.52
90450,88142,7,91692,13,1468151992.46
91227,89500,8,92214,14,1468152024.28
91227,89500,8,92214,14,1468152056.09
91227,89500,8,92214,14,1468152088.02
91227,89500,8,92214,14,1468152120.0
91227,89500,8,92214,14,1468152151.85
90450,88142,7,91692,13,1468152183.66
91227,89500,8,92214,14,1468152215.93
91227,89500,8,92214,14,1468152248.0
90450,88142,7,91692,13,1468152280.1
91227,89500,8,92214,14,1468152311.91
91227,89500,8,92214,14,1468152343.71
90450,88142,7,91692,13,1468152375.55
88500,89700,10,87000,8,1468152407.49
91227,89500,8,92214,14,1468152439.49
91227,89500,8,92214,14,1468152471.28
91227,89500,8,92214,14,1468152503.06
88500,89700,10,87000,8,1468152535.0
85750,87090,11,84111,9,1468152566.81
85750,87090,11,84111,9,1468152598.63
85750,87090,11,84111,9,1468152630.76
85750,87090,11,84111,9,1468152662.9
88500,89700,10,87000,8,1468152694.92
85750,87090,11,84111,9,1468152726.76
88500,89700,10,87000,8,1468152758.58
85750,87090,11,84111,9,1468152790.52
88500,89700,10,87000,8,1468152822.47
85750,87090,11,84111,9,1468152854.28
85750,87090,11,84111,9,1468152886.11
85750,87090,11,84111,9,1468152917.91
88500,89700,10,87000,8,1468152949.74
88500,89700,10,87000,8,1468152981.69
85750,87090,11,84111,9,1468153013.77
81206,80388,18,82545,11,1468153045.58
85750,87090,11,84111,9,1468153077.63
81206,80388,18,82545,11,1468153109.44
81206,80388,18,82545,11,1468153141.25
81206,80388,18,82545,11,1468153173.07
81206,80388,18,82545,11,1468153204.9
81206,80388,18,82545,11,1468153236.89
81206,80388,18,82545,11,1468153268.86
81206,80388,18,82545,11,1468153300.83
81206,80388,18,82545,11,1468153332.77
81206,80388,18,82545,11,1468153364.57
81206,80388,18,82545,11,1468153396.38
81206,80388,18,82545,11,1468153428.31
81206,80388,18,82545,11,1468153460.14
81206,80388,18,82545,11,1468153491.97
81206,80388,18,82545,11,1468153523.91
81206,80388,18,82545,11,1468153555.74
81206,80388,18,82545,11,1468153587.81
81206,80388,18,82545,11,1468153619.77
81206,80388,18,82545,11,1468153651.73
81206,80388,18,82545,11,1468153683.56
81206,80388,18,82545,11,1468153715.53
81206,80388,18,82545,11,1468153747.36
81206,80388,18,82545,11,1468153779.16
81206,80388,18,82545,11,1468153811.12
81206,80388,18,82545,11,1468153843.05
81206,80388,18,82545,11,1468153875.16
81206,80388,18,82545,11,1468153907.0
81206,80388,18,82545,11,1468153938.94
81206,80388,18,82545,11,1468153971.02
75294,75750,12,74200,5,1468154002.87
81206,80388,18,82545,11,1468154034.8
81206,80388,18,82545,11,1468154066.62
75294,75750,12,74200,5,1468154098.44
75294,75750,12,74200,5,1468154130.36
81206,80388,18,82545,11,1468154162.36
81206,80388,18,82545,11,1468154194.21
75294,75750,12,74200,5,1468154226.08
75294,75750,12,74200,5,1468154258.19
75294,75750,12,74200,5,1468154290.28
75294,75750,12,74200,5,1468154322.11
75294,75750,12,74200,5,1468154354.05
75294,75750,12,74200,5,1468154385.88
75294,75750,12,74200,5,1468154417.85
75294,75750,12,74200,5,1468154449.81
75294,75750,12,74200,5,1468154481.71
75294,75750,12,74200,5,1468154513.84
75294,75750,12,74200,5,1468154545.8
75294,75750,12,74200,5,1468154577.91
76055,75750,12,76666,6,1468154609.93
75294,75750,12,74200,5,1468154642.03
76055,75750,12,76666,6,1468154673.93
75294,75750,12,74200,5,1468154705.96
75294,75750,12,74200,5,1468154738.01
76055,75750,12,76666,6,1468154769.98
75294,75750,12,74200,5,1468154801.95
75294,75750,12,74200,5,1468154833.9
75294,75750,12,74200,5,1468154865.87
76055,75750,12,76666,6,1468154897.86
75294,75750,12,74200,5,1468154929.68
76055,75750,12,76666,6,1468154961.49
76055,75750,12,76666,6,1468154993.47
76055,75750,12,76666,6,1468155025.3
77450,76846,13,78571,7,1468155057.25
77450,76846,13,78571,7,1468155089.06
77450,76846,13,78571,7,1468155120.87
77450,76846,13,78571,7,1468155153.03
77450,76846,13,78571,7,1468155185.17
77450,76846,13,78571,7,1468155217.17
77450,76846,13,78571,7,1468155249.25
77450,76846,13,78571,7,1468155281.11
77450,76846,13,78571,7,1468155343.41
77450,76846,13,78571,7,1468155375.25
77450,76846,13,78571,7,1468155407.22
77450,76846,13,78571,7,1468155439.03
77450,76846,13,78571,7,1468155471.0
77450,76846,13,78571,7,1468155503.59
77450,76846,13,78571,7,1468155534.1
75954,75714,14,76375,8,1468155566.14
75954,75714,14,76375,8,1468155598.25
75954,75714,14,76375,8,1468155630.09
75954,75714,14,76375,8,1468155662.04
75954,75714,14,76375,8,1468155694.04
77450,76846,13,78571,7,1468155725.86
75954,75714,14,76375,8,1468155757.88
75954,75714,14,76375,8,1468155789.7
75954,75714,14,76375,8,1468155821.73
77450,76846,13,78571,7,1468155853.55
75954,75714,14,76375,8,1468155885.39
77450,76846,13,78571,7,1468155917.18
75954,75714,14,76375,8,1468155949.3
74667,75500,2,74250,4,1468155981.16
74667,75500,2,74250,4,1468156012.99
75954,75714,14,76375,8,1468156044.8
74667,75500,2,74250,4,1468156076.72
74667,75500,2,74250,4,1468156108.55
75954,75714,14,76375,8,1468156140.53
75333,76500,4,74400,5,1468156172.39
74667,75500,2,74250,4,1468156204.38
74667,75500,2,74250,4,1468156236.23
74667,75500,2,74250,4,1468156268.32
75333,76500,4,74400,5,1468156300.37
75333,76500,4,74400,5,1468156332.21
74667,75500,2,74250,4,1468156364.16
75333,76500,4,74400,5,1468156396.13
74667,75500,2,74250,4,1468156427.97
75333,76500,4,74400,5,1468156459.81
75333,76500,4,74400,5,1468156491.76
74667,75500,2,74250,4,1468156523.74
75333,76500,4,74400,5,1468156555.8
75333,76500,4,74400,5,1468156587.66
75333,76500,4,74400,5,1468156619.82
71462,76500,4,69223,9,1468156651.94
71462,76500,4,69223,9,1468156683.78
75333,76500,4,74400,5,1468156715.7
71462,76500,4,69223,9,1468156748.12
71462,76500,4,69223,9,1468156779.95
74986,80779,5,72090,10,1468156811.74
71462,76500,4,69223,9,1468156843.71
71462,76500,4,69223,9,1468156875.64
71462,76500,4,69223,9,1468156907.65
74986,80779,5,72090,10,1468156939.75
71462,76500,4,69223,9,1468156971.56
74986,80779,5,72090,10,1468157003.38
71462,76500,4,69223,9,1468157035.35
74986,80779,5,72090,10,1468157067.2
71462,76500,4,69223,9,1468157099.29
71462,76500,4,69223,9,1468157131.11
74986,80779,5,72090,10,1468157162.93
71462,76500,4,69223,9,1468157194.83
74986,80779,5,72090,10,1468157226.77
74986,80779,5,72090,10,1468157258.9
74986,80779,5,72090,10,1468157291.06
74988,79815,6,72354,11,1468157322.92
74988,79815,6,72354,11,1468157354.99
74986,80779,5,72090,10,1468157386.8
74988,79815,6,72354,11,1468157418.61
73933,79815,6,70991,12,1468157450.72
73933,79815,6,70991,12,1468157482.67
73933,79815,6,70991,12,1468157514.54
74988,79815,6,72354,11,1468157546.37
74988,79815,6,72354,11,1468157578.19
74988,79815,6,72354,11,1468157610.06
74988,79815,6,72354,11,1468157642.04
74988,79815,6,72354,11,1468157674.17
73933,79815,6,70991,12,1468157706.02
74988,79815,6,72354,11,1468157737.86
73933,79815,6,70991,12,1468157769.83
74988,79815,6,72354,11,1468157801.8
73933,79815,6,70991,12,1468157833.89
74988,79815,6,72354,11,1468157865.88
73933,79815,6,70991,12,1468157897.84
70694,79649,6,65809,11,1468157929.83
70694,79649,6,65809,11,1468157961.68
73933,79815,6,70991,12,1468157993.67
73933,79815,6,70991,12,1468158025.64
70694,79649,6,65809,11,1468158057.5
70933,78985,7,65809,11,1468158089.32
70694,79649,6,65809,11,1468158121.57
70694,79649,6,65809,11,1468158153.41
70694,79649,6,65809,11,1468158185.24
70933,78985,7,65809,11,1468158217.37
70933,78985,7,65809,11,1468158249.2
70933,78985,7,65809,11,1468158281.32
70933,78985,7,65809,11,1468158313.28
70933,78985,7,65809,11,1468158345.47
70933,78985,7,65809,11,1468158377.31
70933,78985,7,65809,11,1468158409.47
70694,79649,6,65809,11,1468158441.31
70694,79649,6,65809,11,1468158473.13
70933,78985,7,65809,11,1468158505.11
70933,78985,7,65809,11,1468158537.19
70933,78985,7,65809,11,1468158569.3
72589,78486,8,68658,12,1468158601.7
72589,78486,8,68658,12,1468158633.55
70933,78985,7,65809,11,1468158665.51
73794,78486,8,70907,13,1468158697.49
72589,78486,8,68658,12,1468158729.47
73794,78486,8,70907,13,1468158761.27
72589,78486,8,68658,12,1468158793.24
72589,78486,8,68658,12,1468158825.28
73794,78486,8,70907,13,1468158857.28
72589,78486,8,68658,12,1468158889.27
73794,78486,8,70907,13,1468158956.67
73794,78486,8,70907,13,1468159017.93
73794,78486,8,70907,13,1468159049.95
73794,78486,8,70907,13,1468159081.92
73794,78486,8,70907,13,1468159114.06
73528,76789,10,71199,14,1468159146.73
73794,78486,8,70907,13,1468159178.73
73528,76789,10,71199,14,1468159210.7
73528,76789,10,71199,14,1468159242.67
73794,78486,8,70907,13,1468159274.79
73528,76789,10,71199,14,1468159306.63
73528,76789,10,71199,14,1468159338.63
73528,76789,10,71199,14,1468159370.46
73528,76789,10,71199,14,1468159402.34
73794,78486,8,70907,13,1468159434.32
73794,78486,8,70907,13,1468159466.48
73528,76789,10,71199,14,1468159499.05
73528,76789,10,71199,14,1468159531.58
78480,79532,9,77127,7,1468159564.26
78480,79532,9,77127,7,1468159596.87
78480,79532,9,77127,7,1468159630.53
73528,76789,10,71199,14,1468159662.53
73528,76789,10,71199,14,1468159694.37
78480,79532,9,77127,7,1468159726.37
78480,79532,9,77127,7,1468159758.2
78480,79532,9,77127,7,1468159790.16
78480,79532,9,77127,7,1468159821.96
78480,79532,9,77127,7,1468159853.94
78480,79532,9,77127,7,1468159885.78
78480,79532,9,77127,7,1468159917.93
80393,81368,10,79310,9,1468159949.96
78480,79532,9,77127,7,1468159981.92
80393,81368,10,79310,9,1468160013.79
80393,81368,10,79310,9,1468160045.76
78480,79532,9,77127,7,1468160077.86
78480,79532,9,77127,7,1468160109.67
80393,81368,10,79310,9,1468160141.54
80393,81368,10,79310,9,1468160173.38
82165,82971,11,81279,10,1468160205.65
80393,81368,10,79310,9,1468160237.49
80393,81368,10,79310,9,1468160269.33
82165,82971,11,81279,10,1468160301.59
82165,82971,11,81279,10,1468160333.56
82165,82971,11,81279,10,1468160365.53
82165,82971,11,81279,10,1468160397.49
80393,81368,10,79310,9,1468160429.47
80393,81368,10,79310,9,1468160461.44
82165,82971,11,81279,10,1468160493.29
82165,82971,11,81279,10,1468160525.12
82165,82971,11,81279,10,1468160557.12
82165,82971,11,81279,10,1468160589.0
82165,82971,11,81279,10,1468160620.99
82165,82971,11,81279,10,1468160652.84
82165,82971,11,81279,10,1468160684.88
82165,82971,11,81279,10,1468160716.93
82165,82971,11,81279,10,1468160748.9
82165,82971,11,81279,10,1468160780.76
82165,82971,11,81279,10,1468160812.74
82165,82971,11,81279,10,1468160844.88
82165,82971,11,81279,10,1468160876.73
83629,84307,12,82890,11,1468160908.64
82165,82971,11,81279,10,1468160940.53
83629,84307,12,82890,11,1468160972.65
82165,82971,11,81279,10,1468161004.52
82165,82971,11,81279,10,1468161036.5
83629,84307,12,82890,11,1468161068.54
82165,82971,11,81279,10,1468161100.43
82165,82971,11,81279,10,1468161132.3
93052,95280,6,90379,5,1468161164.31
83629,84307,12,82890,11,1468161196.31
93052,95280,6,90379,5,1468161228.3
93052,95280,6,90379,5,1468161260.32
83629,84307,12,82890,11,1468161292.21
83629,84307,12,82890,11,1468161324.29
93052,95280,6,90379,5,1468161356.11
83629,84307,12,82890,11,1468161387.96
83629,84307,12,82890,11,1468161419.96
83629,84307,12,82890,11,1468161452.13
93052,95280,6,90379,5,1468161483.97
92381,93812,7,89482,6,1468161515.84
93052,95280,6,90379,5,1468161547.72
92381,93812,7,89482,6,1468161579.73
93052,95280,6,90379,5,1468161611.73
92381,93812,7,89482,6,1468161643.74
92381,93812,7,89482,6,1468161675.72
93052,95280,6,90379,5,1468161707.59
93052,95280,6,90379,5,1468161739.71
92381,93812,7,89482,6,1468161771.81
90660,90835,8,86699,7,1468161803.81
90660,90835,8,86699,7,1468161835.7
92381,93812,7,89482,6,1468161867.87
90660,90835,8,86699,7,1468161899.75
92381,93812,7,89482,6,1468161931.64
92381,93812,7,89482,6,1468161963.68
90660,90835,8,86699,7,1468161996.57
92381,93812,7,89482,6,1468162028.57
90660,90835,8,86699,7,1468162060.46
92381,93812,7,89482,6,1468162092.45
90660,90835,8,86699,7,1468162124.35
90660,90835,8,86699,7,1468162156.22
90660,90835,8,86699,7,1468162188.09
90660,90835,8,86699,7,1468162219.98
90660,90835,8,86699,7,1468162251.86
89541,89076,9,85236,8,1468162283.73
89541,89076,9,85236,8,1468162315.72
90660,90835,8,86699,7,1468162347.73
90660,90835,8,86699,7,1468162379.72
89541,89076,9,85236,8,1468162411.91
89541,89076,9,85236,8,1468162443.77
89541,89076,9,85236,8,1468162477.01
89541,89076,9,85236,8,1468162509.15
87269,89076,9,85236,8,1468162541.19
87269,89076,9,85236,8,1468162573.07
87269,89076,9,85236,8,1468162604.97
89541,89076,9,85236,8,1468162636.83
89541,89076,9,85236,8,1468162668.7
87269,89076,9,85236,8,1468162700.58
87921,89076,9,86766,9,1468162732.46
87269,89076,9,85236,8,1468162764.36
87269,89076,9,85236,8,1468162796.22
87269,89076,9,85236,8,1468162828.21
87269,89076,9,85236,8,1468162860.12
87269,89076,9,85236,8,1468162892.14
87269,89076,9,85236,8,1468162924.01
87921,89076,9,86766,9,1468162956.05
87921,89076,9,86766,9,1468162987.92
87921,89076,9,86766,9,1468163019.92
87921,89076,9,86766,9,1468163051.98
87269,89076,9,85236,8,1468163083.85
87921,89076,9,86766,9,1468163115.77
79857,76666,3,82250,4,1468163147.79
87921,89076,9,86766,9,1468163179.69
87921,89076,9,86766,9,1468163211.55
87921,89076,9,86766,9,1468163243.7
87921,89076,9,86766,9,1468163275.56
87921,89076,9,86766,9,1468163307.41
82250,82250,4,85600,5,1468163339.48
79857,76666,3,82250,4,1468163371.48
82250,82250,4,85600,5,1468163403.37
82250,82250,4,85600,5,1468163435.28
79857,76666,3,82250,4,1468163467.15
79857,76666,3,82250,4,1468163499.01
82250,82250,4,85600,5,1468163531.02
82250,82250,4,85600,5,1468163562.88
79857,76666,3,82250,4,1468163594.79
79857,76666,3,82250,4,1468163626.82
79857,76666,3,82250,4,1468163658.68
79857,76666,3,82250,4,1468163690.66
79857,76666,3,82250,4,1468163722.53
82250,82250,4,85600,5,1468163754.39
88499,88699,10,88250,8,1468163786.31
88499,88699,10,88250,8,1468163818.25
82250,82250,4,85600,5,1468163850.87
88499,88699,10,88250,8,1468163882.78
82250,82250,4,85600,5,1468163914.67
88499,88699,10,88250,8,1468163946.57
88499,88699,10,88250,8,1468163978.46
88499,88699,10,88250,8,1468164010.39
92319,92076,13,92583,12,1468164042.59
88499,88699,10,88250,8,1468164074.74
88499,88699,10,88250,8,1468164107.36
88499,88699,10,88250,8,1468164139.26
92319,92076,13,92583,12,1468164171.19
92319,92076,13,92583,12,1468164203.11
92319,92076,13,92583,12,1468164235.15
92319,92076,13,92583,12,1468164267.1
92319,92076,13,92583,12,1468164299.01
92319,92076,13,92583,12,1468164330.93
88499,88699,10,88250,8,1468164362.85
90857,90199,15,91615,13,1468164394.85
90857,90199,15,91615,13,1468164426.88
90857,90199,15,91615,13,1468164458.84
92319,92076,13,92583,12,1468164490.76
90857,90199,15,91615,13,1468164522.65
90857,90199,15,91615,13,1468164554.63
92319,92076,13,92583,12,1468164586.59
90857,90199,15,91615,13,1468164618.53
90857,90199,15,91615,13,1468164650.56
90857,90199,15,91615,13,1468164682.46
90857,90199,15,91615,13,1468164714.5
90857,90199,15,91615,13,1468164746.44
90857,90199,15,91615,13,1468164778.35
90857,90199,15,91615,13,1468164810.23
90857,90199,15,91615,13,1468164842.17
90857,90199,15,91615,13,1468164874.09
90857,90199,15,91615,13,1468164906.0
90857,90199,15,91615,13,1468164938.1
90857,90199,15,91615,13,1468164970.65
94523,93583,12,95777,9,1468165002.59
90857,90199,15,91615,13,1468165034.49
90857,90199,15,91615,13,1468165066.45
90857,90199,15,91615,13,1468165098.53
94523,93583,12,95777,9,1468165131.71
94523,93583,12,95777,9,1468165164.17
90857,90199,15,91615,13,1468165196.09
94523,93583,12,95777,9,1468165228.0
94272,93230,13,95100,10,1468165260.06
94523,93583,12,95777,9,1468165291.96
94523,93583,12,95777,9,1468165323.91
94523,93583,12,95777,9,1468165355.84
94523,93583,12,95777,9,1468165387.92
94523,93583,12,95777,9,1468165419.84
94272,93230,13,95100,10,1468165451.87
94272,93230,13,95100,10,1468165483.8
94523,93583,12,95777,9,1468165515.74
94272,93230,13,95100,10,1468165547.84
94523,93583,12,95777,9,1468165579.76
94272,93230,13,95100,10,1468165613.35
94272,93230,13,95100,10,1468165645.51
94272,93230,13,95100,10,1468165677.73
94272,93230,13,95100,10,1468165709.78
94272,93230,13,95100,10,1468165741.72
94272,93230,13,95100,10,1468165773.78
94272,93230,13,95100,10,1468165805.76
94272,93230,13,95100,10,1468165837.75
94041,93230,13,95000,11,1468165869.69
94041,93230,13,95000,11,1468165901.9
94272,93230,13,95100,10,1468165933.81
94272,93230,13,95100,10,1468165965.74
94272,93230,13,95100,10,1468165997.67
94272,93230,13,95100,10,1468166029.57
94041,93230,13,95000,11,1468166061.53
94272,93230,13,95100,10,1468166093.59
93479,93230,13,93750,12,1468166130.84
93479,93230,13,93750,12,1468166164.94
93479,93230,13,93750,12,1468166198.16
93479,93230,13,93750,12,1468166230.77
93479,93230,13,93750,12,1468166262.64
94041,93230,13,95000,11,1468166294.5
93479,93230,13,93750,12,1468166326.51
92961,93230,13,92692,13,1468166358.46
93479,93230,13,93750,12,1468166390.32
92961,93230,13,92692,13,1468166422.19
92961,93230,13,92692,13,1468166454.24
93479,93230,13,93750,12,1468166486.09
93479,93230,13,93750,12,1468166517.97
92961,93230,13,92692,13,1468166549.91
92961,93230,13,92692,13,1468166582.07
93479,93230,13,93750,12,1468166613.97
93479,93230,13,93750,12,1468166645.89
93479,93230,13,93750,12,1468166677.89
92961,93230,13,92692,13,1468166709.86
92961,93230,13,92692,13,1468166741.95
86400,89000,1,85750,4,1468166773.9
92961,93230,13,92692,13,1468166805.83
92961,93230,13,92692,13,1468166837.94
86400,89000,1,85750,4,1468166869.86
92961,93230,13,92692,13,1468166901.79
86400,89000,1,85750,4,1468166933.67
86400,89000,1,85750,4,1468166965.71
86400,89000,1,85750,4,1468166997.62
86400,89000,1,85750,4,1468167128.35
86400,89000,1,85750,4,1468167189.7
86400,89000,1,85750,4,1468167252.1
86400,89000,1,85750,4,1468167282.64
86400,89000,1,85750,4,1468167371.11
69000,61000,1,73000,2,1468169745.78
69000,61000,1,73000,2,1468169868.43
69000,61000,1,73000,2,1468169929.62
69000,61000,1,73000,2,1468169990.51
69000,61000,1,73000,2,1468170021.02
69000,61000,1,73000,2,1468170053.06
69000,61000,1,73000,2,1468170085.1
69000,61000,1,73000,2,1468170117.16
69000,61000,1,73000,2,1468170149.31
69000,61000,1,73000,2,1468170181.21
69000,61000,1,73000,2,1468170213.27
69000,61000,1,73000,2,1468170245.24
69000,61000,1,73000,2,1468170277.19
69000,61000,1,73000,2,1468170309.26
69000,61000,1,73000,2,1468170341.17
69000,61000,1,73000,2,1468170373.24
69000,61000,1,73000,2,1468170465.98
69000,61000,1,73000,2,1468170497.15
97500,83750,4,104375,8,1468171898.85
97500,83750,4,104375,8,1468171929.55
97500,83750,4,104375,8,1468171990.44
97692,83750,4,103888,9,1468172022.48
97500,83750,4,104375,8,1468172054.41
97500,83750,4,104375,8,1468172086.32
97692,83750,4,103888,9,1468172118.22
97500,83750,4,104375,8,1468172150.27
97500,83750,4,104375,8,1468172182.4
97692,83750,4,103888,9,1468172214.48
97692,83750,4,103888,9,1468172246.66
97500,83750,4,104375,8,1468172278.62
97692,83750,4,103888,9,1468172310.55
97500,83750,4,104375,8,1468172342.53
97500,83750,4,104375,8,1468172374.46
97500,83750,4,104375,8,1468172406.51
97500,83750,4,104375,8,1468172438.43
97692,83750,4,103888,9,1468172470.65
97692,83750,4,103888,9,1468172502.7
97692,83750,4,103888,9,1468172534.72
97692,83750,4,103888,9,1468172566.62
94666,87000,5,98500,10,1468172598.51
94666,87000,5,98500,10,1468172630.63
94666,87000,5,98500,10,1468172662.76
94666,87000,5,98500,10,1468172694.72
94666,87000,5,98500,10,1468172726.68
94666,87000,5,98500,10,1468172758.75
94666,87000,5,98500,10,1468172790.65
94666,87000,5,98500,10,1468172822.59
94666,87000,5,98500,10,1468172854.54
94666,87000,5,98500,10,1468172886.71
94666,87000,5,98500,10,1468172918.66
94666,87000,5,98500,10,1468172950.61
94666,87000,5,98500,10,1468172982.69
94666,87000,5,98500,10,1468173014.75
94666,87000,5,98500,10,1468173046.85
94666,87000,5,98500,10,1468173078.8
94666,87000,5,98500,10,1468173110.73
94666,87000,5,98500,10,1468173142.65
94666,87000,5,98500,10,1468173174.9
85889,81000,8,87948,19,1468173206.83
85207,80444,9,87351,20,1468173239.04
85889,81000,8,87948,19,1468173271.24
85889,81000,8,87948,19,1468173303.21
85889,81000,8,87948,19,1468173335.15
85207,80444,9,87351,20,1468173371.51
85889,81000,8,87948,19,1468173403.44
85207,80444,9,87351,20,1468173435.53
85889,81000,8,87948,19,1468173467.5
85889,81000,8,87948,19,1468173499.42
85207,80444,9,87351,20,1468173531.5
85889,81000,8,87948,19,1468173563.37
85207,80444,9,87351,20,1468173625.55
84291,79500,10,86572,21,1468173657.59
84291,79500,10,86572,21,1468173689.66
85207,80444,9,87351,20,1468173721.7
85207,80444,9,87351,20,1468173753.74
84291,79500,10,86572,21,1468173785.65
84291,79500,10,86572,21,1468173817.59
85207,80444,9,87351,20,1468173849.48
84291,79500,10,86572,21,1468173881.42
85207,80444,9,87351,20,1468173913.4
84291,79500,10,86572,21,1468173945.47
84291,79500,10,86572,21,1468173977.39
75948,76666,6,75617,13,1468174009.29
75948,76666,6,75617,13,1468174041.19
75948,76666,6,75617,13,1468174073.33
84291,79500,10,86572,21,1468174105.38
84291,79500,10,86572,21,1468174137.3
84291,79500,10,86572,21,1468174169.22
84291,79500,10,86572,21,1468174201.16
84291,79500,10,86572,21,1468174233.09
75948,76666,6,75617,13,1468174265.18
75948,76666,6,75617,13,1468174297.27
79962,82555,9,78589,17,1468174329.24
75948,76666,6,75617,13,1468174361.18
75948,76666,6,75617,13,1468174393.09
75948,76666,6,75617,13,1468174425.18
79962,82555,9,78589,17,1468174457.09
79962,82555,9,78589,17,1468174489.16
79962,82555,9,78589,17,1468174521.2
75948,76666,6,75617,13,1468174553.13
79962,82555,9,78589,17,1468174585.09
79962,82555,9,78589,17,1468174617.07
79962,82555,9,78589,17,1468174649.01
78393,82555,9,76422,19,1468174680.95
79962,82555,9,78589,17,1468174712.86
79962,82555,9,78589,17,1468174744.77
78393,82555,9,76422,19,1468174776.68
79962,82555,9,78589,17,1468174808.59
78393,82555,9,76422,19,1468174840.52
79962,82555,9,78589,17,1468174872.43
79962,82555,9,78589,17,1468174904.37
80909,84833,12,78668,21,1468174936.27
78393,82555,9,76422,19,1468174968.24
80909,84833,12,78668,21,1468175000.16
80909,84833,12,78668,21,1468175032.24
80909,84833,12,78668,21,1468175064.28
78393,82555,9,76422,19,1468175096.36
78393,82555,9,76422,19,1468175128.29
78393,82555,9,76422,19,1468175160.24
80909,84833,12,78668,21,1468175192.3
78393,82555,9,76422,19,1468175224.23
78393,82555,9,76422,19,1468175256.32
80909,84833,12,78668,21,1468175288.23
81736,86692,13,78668,21,1468175320.16
81736,86692,13,78668,21,1468175352.11
80909,84833,12,78668,21,1468175384.02
81736,86692,13,78668,21,1468175416.06
81736,86692,13,78668,21,1468175447.97
80909,84833,12,78668,21,1468175479.87
81736,86692,13,78668,21,1468175511.79
81736,86692,13,78668,21,1468175543.84
88412,97000,8,80778,9,1468175575.91
81736,86692,13,78668,21,1468175607.85
88412,97000,8,80778,9,1468175639.81
81736,86692,13,78668,21,1468175671.72
81736,86692,13,78668,21,1468175703.78
81736,86692,13,78668,21,1468175735.74
88412,97000,8,80778,9,1468175767.8
88412,97000,8,80778,9,1468175799.87
81736,86692,13,78668,21,1468175831.92
81736,86692,13,78668,21,1468175863.83
81736,86692,13,78668,21,1468175895.74
86227,91000,11,81455,11,1468175927.68
86227,91000,11,81455,11,1468175959.79
88412,97000,8,80778,9,1468175991.71
88412,97000,8,80778,9,1468176023.61
88412,97000,8,80778,9,1468176055.58
88412,97000,8,80778,9,1468176087.88
88412,97000,8,80778,9,1468176119.93
86227,91000,11,81455,11,1468176151.85
85542,88083,12,83000,12,1468176183.92
86227,91000,11,81455,11,1468176215.89
85542,88083,12,83000,12,1468176247.86
85542,88083,12,83000,12,1468176279.81
85542,88083,12,83000,12,1468176311.76
85542,88083,12,83000,12,1468176343.69
85542,88083,12,83000,12,1468176375.64
85542,88083,12,83000,12,1468176407.61
85542,88083,12,83000,12,1468176439.59
85542,88083,12,83000,12,1468176471.55
85542,88083,12,83000,12,1468176503.79
85542,88083,12,83000,12,1468176535.72
85542,88083,12,83000,12,1468176567.7
80767,79236,17,82769,13,1468176599.6
85542,88083,12,83000,12,1468176631.66
80767,79236,17,82769,13,1468176663.61
85542,88083,12,83000,12,1468176695.56
80767,79236,17,82769,13,1468176727.46
80767,79236,17,82769,13,1468176759.4
80767,79236,17,82769,13,1468176791.34
80719,79278,18,82572,14,1468176823.73
80719,79278,18,82572,14,1468176855.68
80719,79278,18,82572,14,1468176887.61
80719,79278,18,82572,14,1468176919.57
80719,79278,18,82572,14,1468176950.11
80719,79278,18,82572,14,1468176982.06
80719,79278,18,82572,14,1468177014.2
80719,79278,18,82572,14,1468177046.29
81182,80158,19,82572,14,1468177078.21
80719,79278,18,82572,14,1468177110.14
80719,79278,18,82572,14,1468177142.04
80719,79278,18,82572,14,1468177174.11
81686,81150,20,82400,15,1468177207.71
81686,81150,20,82400,15,1468177241.3
81182,80158,19,82572,14,1468177273.24
81182,80158,19,82572,14,1468177305.22
81686,81150,20,82400,15,1468177337.14
81182,80158,19,82572,14,1468177369.11
81182,80158,19,82572,14,1468177401.03
81182,80158,19,82572,14,1468177433.13
81182,80158,19,82572,14,1468177465.08
81686,81150,20,82400,15,1468177497.31
81182,80158,19,82572,14,1468177529.24
81182,80158,19,82572,14,1468177561.29
81182,80158,19,82572,14,1468177593.37
81182,80158,19,82572,14,1468177625.34
81182,80158,19,82572,14,1468177657.41
81686,81150,20,82400,15,1468177689.32
81686,81150,20,82400,15,1468177721.26
79653,77667,15,83375,8,1468177753.18
79653,77667,15,83375,8,1468177785.13
79653,77667,15,83375,8,1468177817.07
79653,77667,15,83375,8,1468177849.0
79653,77667,15,83375,8,1468177880.93
79653,77667,15,83375,8,1468177912.85
79653,77667,15,83375,8,1468177944.8
79653,77667,15,83375,8,1468177976.68
79653,77667,15,83375,8,1468178008.55
79653,77667,15,83375,8,1468178040.43
79653,77667,15,83375,8,1468178072.33
79653,77667,15,83375,8,1468178104.3
79653,77667,15,83375,8,1468178136.21
79653,77667,15,83375,8,1468178168.11
79653,77667,15,83375,8,1468178200.02
79653,77667,15,83375,8,1468178232.06
79653,77667,15,83375,8,1468178264.08
79653,77667,15,83375,8,1468178295.95
79653,77667,15,83375,8,1468178327.99
80462,77813,16,84700,10,1468178359.85
80462,77813,16,84700,10,1468178391.74
80462,77813,16,84700,10,1468178423.6
80462,77813,16,84700,10,1468178455.48
80462,77813,16,84700,10,1468178487.47
80429,77942,17,84273,11,1468178519.62
80429,77942,17,84273,11,1468178551.65
80429,77942,17,84273,11,1468178583.54
80462,77813,16,84700,10,1468178615.45
80462,77813,16,84700,10,1468178647.78
80429,77942,17,84273,11,1468178679.82
80462,77813,16,84700,10,1468178711.83
80429,77942,17,84273,11,1468178743.71
80429,77942,17,84273,11,1468178775.71
80462,77813,16,84700,10,1468178807.6
80429,77942,17,84273,11,1468178839.46
80462,77813,16,84700,10,1468178871.34
80429,77942,17,84273,11,1468178903.21
80462,77813,16,84700,10,1468178935.23
79486,77046,22,83615,13,1468178967.12
79486,77046,22,83615,13,1468178999.15
80429,77942,17,84273,11,1468179031.19
79486,77046,22,83615,13,1468179063.11
79486,77046,22,83615,13,1468179095.37
79486,77046,22,83615,13,1468179127.26
79486,77046,22,83615,13,1468179159.15
79486,77046,22,83615,13,1468179191.87
83470,81900,10,85714,7,1468179223.7
83470,81900,10,85714,7,1468179255.53
79486,77046,22,83615,13,1468179287.35
79486,77046,22,83615,13,1468179319.21
79486,77046,22,83615,13,1468179351.05
83470,81900,10,85714,7,1468179382.89
83470,81900,10,85714,7,1468179414.87
83470,81900,10,85714,7,1468179446.71
79486,77046,22,83615,13,1468179478.55
79486,77046,22,83615,13,1468179510.41
83470,81900,10,85714,7,1468179542.31
83470,81900,10,85714,7,1468179574.34
84166,81900,10,87000,8,1468179606.21
83470,81900,10,85714,7,1468179639.27
84166,81900,10,87000,8,1468179671.79
84166,81900,10,87000,8,1468179703.62
83470,81900,10,85714,7,1468179735.46
84166,81900,10,87000,8,1468179767.45
83470,81900,10,85714,7,1468179799.47
84166,81900,10,87000,8,1468179831.68
84166,81900,10,87000,8,1468179863.67
84166,81900,10,87000,8,1468179896.07
84166,81900,10,87000,8,1468179928.04
84166,81900,10,87000,8,1468179960.24
84166,81900,10,87000,8,1468179992.08
84166,81900,10,87000,8,1468180024.03
84166,81900,10,87000,8,1468180056.03
84166,81900,10,87000,8,1468180088.03
84166,81900,10,87000,8,1468180119.86
84166,81900,10,87000,8,1468180151.9
