1419,1419,78575,1418,54552,1468040857.66
1420,1418,39177,1422,30295,1468040888.21
1419,1419,78575,1418,54552,1468040919.53
1420,1418,39177,1422,30295,1468040950.87
1420,1418,39177,1422,30295,1468040982.16
1420,1418,39177,1422,30295,1468041013.47
1419,1418,42988,1421,34522,1468041044.82
1420,1418,39177,1422,30295,1468041076.19
1419,1418,42988,1421,34522,1468041107.49
1420,1418,39177,1422,30295,1468041138.77
1419,1418,42988,1421,34522,1468041170.08
1420,1418,39177,1422,30295,1468041201.39
1419,1418,42988,1421,34522,1468041232.67
1420,1418,39177,1422,30295,1468041264.0
1420,1418,39177,1422,30295,1468041295.27
1420,1418,39177,1422,30295,1468041326.59
1419,1418,42988,1421,34522,1468041357.89
1420,1418,39177,1422,30295,1468041389.19
1420,1418,39177,1422,30295,1468041420.63
1419,1418,42988,1421,34522,1468041451.97
1419,1418,42988,1421,34522,1468041483.42
1418,1417,55240,1419,40560,1468041514.73
1418,1417,55240,1419,40560,1468041546.08
1419,1418,42988,1421,34522,1468041577.69
1418,1417,55240,1419,40560,1468041608.98
1418,1417,55240,1419,40560,1468041640.31
1418,1417,55240,1419,40560,1468041671.61
1418,1417,55769,1419,40768,1468041702.94
1418,1417,55240,1419,40560,1468041734.29
1418,1417,55240,1419,40560,1468041765.64
1418,1417,55240,1419,40560,1468041796.94
1418,1417,55769,1419,40768,1468041828.23
1418,1417,55240,1419,40560,1468041859.53
1418,1417,55240,1419,40560,1468041890.99
1418,1417,55240,1419,40560,1468041922.28
1418,1417,55769,1419,40768,1468041953.58
1418,1417,55769,1419,40768,1468041984.91
1418,1417,55240,1419,40560,1468042016.21
1418,1417,55240,1419,40560,1468042047.53
1418,1417,55769,1419,40768,1468042078.83
1418,1417,55240,1419,40560,1468042110.15
1417,1417,79550,1419,47223,1468042141.42
1418,1417,55769,1419,40768,1468042172.74
1418,1417,55769,1419,40768,1468042204.01
1417,1417,79550,1419,47223,1468042235.36
1417,1417,80323,1418,54921,1468042266.7
1417,1417,79550,1419,47223,1468042297.98
1417,1417,80323,1418,54921,1468042329.29
1417,1417,79550,1419,47223,1468042360.72
1417,1417,80323,1418,54921,1468042392.01
1417,1417,79550,1419,47223,1468042423.46
1417,1417,79550,1419,47223,1468042454.77
1417,1417,80323,1418,54921,1468042486.08
1417,1417,80323,1418,54921,1468042517.35
1417,1417,79550,1419,47223,1468042548.67
1417,1417,79550,1419,47223,1468042579.94
1417,1417,80323,1418,54921,1468042611.25
1417,1417,79550,1419,47223,1468042642.5
1417,1417,80323,1418,54921,1468042674.54
1417,1417,79550,1419,47223,1468042707.64
1417,1417,79550,1419,47223,1468042740.48
1417,1417,80323,1418,54921,1468042772.95
1417,1417,80323,1418,54921,1468042804.84
1417,1417,58216,1415,40528,1468042836.12
1417,1418,58776,1416,41528,1468042877.6
1417,1418,58776,1416,41528,1468042908.33
1417,1417,58216,1415,40528,1468042940.21
1417,1417,58216,1415,40528,1468042971.96
1417,1418,58776,1416,41528,1468043003.71
1417,1417,58216,1415,40528,1468043035.49
1417,1418,58776,1416,41528,1468043067.32
1417,1418,58776,1416,41528,1468043099.06
1417,1417,58216,1415,40528,1468043130.74
1417,1417,58216,1415,40528,1468043162.53
1417,1418,58776,1416,41528,1468043194.22
1417,1417,58216,1415,40528,1468043225.94
1417,1418,58776,1416,41528,1468043257.76
1417,1417,58216,1415,40528,1468043289.42
1417,1417,58216,1415,40528,1468043321.1
1417,1418,58776,1416,41528,1468043352.79
1417,1418,58776,1416,41528,1468043384.61
1417,1418,58776,1416,41528,1468043416.51
1417,1418,58776,1416,41528,1468043448.7
1419,1419,62580,1419,50507,1468043480.38
1419,1419,62580,1419,50507,1468043512.2
1419,1419,62580,1419,50507,1468043543.86
1419,1419,62580,1419,50507,1468043575.53
1419,1419,62580,1419,50507,1468043607.39
1419,1419,62580,1419,50507,1468043639.12
1419,1419,62580,1419,50507,1468043670.81
1421,1422,66141,1420,53913,1468043702.53
1419,1419,62580,1419,50507,1468043734.25
1421,1422,66141,1420,53913,1468043765.93
1421,1422,66141,1420,53913,1468043797.74
1419,1419,62580,1419,50507,1468043829.43
1421,1422,66141,1420,53913,1468043861.13
1421,1422,66141,1420,53913,1468043892.81
1421,1422,66141,1420,53913,1468043924.55
1422,1422,70466,1421,58200,1468043956.21
1422,1422,70466,1421,58200,1468043987.87
1422,1422,70466,1421,58200,1468044019.58
1421,1422,66141,1420,53913,1468044051.27
1422,1422,70466,1421,58200,1468044083.08
1422,1422,70466,1421,58200,1468044114.74
1422,1422,70466,1421,58200,1468044146.44
1422,1422,70466,1421,58200,1468044178.09
1421,1422,66141,1420,53913,1468044209.88
1421,1422,66141,1420,53913,1468044241.54
1422,1422,70466,1421,58200,1468044273.2
1422,1422,70466,1421,58200,1468044304.84
1430,1433,28208,1427,32998,1468044336.49
1430,1433,28208,1427,32998,1468044368.14
1430,1433,28208,1427,32998,1468044399.83
1430,1433,28208,1427,32998,1468044431.46
1430,1433,28208,1427,32998,1468044463.13
1430,1433,28209,1428,36098,1468044495.11
1430,1433,28208,1427,32998,1468044526.77
1430,1433,28208,1427,32998,1468044558.42
1430,1433,28209,1428,36098,1468044590.27
1430,1433,28209,1428,36098,1468044621.97
1430,1433,28209,1428,36098,1468044653.67
1430,1433,28209,1428,36098,1468044685.58
1430,1433,28209,1428,36098,1468044717.28
1430,1433,28208,1427,32998,1468044748.98
1430,1433,28209,1428,36098,1468044780.67
1430,1433,28209,1428,36098,1468044812.39
1430,1433,28208,1427,32998,1468044844.07
1430,1433,28208,1427,32998,1468044875.91
1429,1431,36919,1428,53615,1468044907.61
1430,1433,28209,1428,36098,1468044939.3
1429,1431,36919,1428,53615,1468044970.99
1429,1431,36919,1428,53615,1468045002.68
1430,1433,28209,1428,36098,1468045034.35
1429,1431,36919,1428,53615,1468045066.04
1429,1431,36919,1428,53615,1468045097.73
1429,1431,42546,1428,54883,1468045129.54
1429,1431,42546,1428,54883,1468045161.38
1429,1431,36919,1428,53615,1468045193.04
1429,1431,42546,1428,54883,1468045224.73
1429,1431,36919,1428,53615,1468045256.39
1429,1431,36919,1428,53615,1468045288.03
1429,1431,42546,1428,54883,1468045319.69
1429,1431,42546,1428,54883,1468045351.41
1429,1431,36919,1428,53615,1468045383.13
1429,1431,42546,1428,54883,1468045414.84
1429,1431,42546,1428,54883,1468045446.53
1429,1431,36919,1428,53615,1468045478.2
1429,1431,42546,1428,54883,1468045509.88
1429,1431,42546,1428,54883,1468045541.57
1429,1431,42546,1428,54883,1468045573.47
1429,1431,42546,1428,54883,1468045605.15
1429,1431,44986,1428,58286,1468045636.85
1429,1431,44986,1428,58286,1468045668.69
1429,1431,44986,1428,58286,1468045700.43
1429,1431,44986,1428,58286,1468045733.55
1429,1431,54487,1428,63496,1468045765.26
1429,1431,54487,1428,63496,1468045797.0
1429,1431,54487,1428,63496,1468045828.68
1429,1431,54487,1428,63496,1468045860.52
1429,1431,54487,1428,63496,1468045892.34
1429,1431,54487,1428,63496,1468045924.02
1429,1431,44986,1428,58286,1468045955.88
1429,1431,54487,1428,63496,1468045987.57
1429,1431,44986,1428,58286,1468046019.31
1429,1431,44986,1428,58286,1468046050.99
1429,1431,54487,1428,63496,1468046082.68
1429,1431,44986,1428,58286,1468046114.37
1429,1431,44986,1428,58286,1468046146.09
1429,1431,44986,1428,58286,1468046177.8
1429,1431,54487,1428,63496,1468046209.49
1429,1431,54487,1428,63496,1468046241.2
1429,1431,54487,1428,63496,1468046273.02
1429,1429,26284,1429,35423,1468046304.9
1429,1431,54487,1428,63496,1468046336.75
1429,1429,26284,1429,35423,1468046368.47
1429,1429,26312,1429,35904,1468046400.18
1429,1429,26312,1429,35904,1468046431.9
1429,1429,26312,1429,35904,1468046463.73
1429,1429,26312,1429,35904,1468046495.43
1429,1429,26312,1429,35904,1468046527.15
1429,1429,26284,1429,35423,1468046558.97
1429,1429,26284,1429,35423,1468046590.68
1429,1429,26284,1429,35423,1468046622.43
1429,1429,26312,1429,35904,1468046654.11
1429,1429,26312,1429,35904,1468046685.82
1429,1429,26284,1429,35423,1468046717.51
1429,1429,26312,1429,35904,1468046749.48
1429,1429,26312,1429,35904,1468046781.17
1429,1429,26312,1429,35904,1468046812.88
1429,1429,26284,1429,35423,1468046844.58
1429,1429,26312,1429,35904,1468046876.4
1429,1429,26312,1429,35904,1468046908.1
1429,1429,26312,1429,35904,1468046939.81
1429,1429,26312,1429,35904,1468046971.53
1424,1421,44808,1429,36833,1468047003.29
1424,1421,44808,1429,37734,1468047035.04
1424,1421,44808,1429,37734,1468047066.75
1424,1421,44808,1429,37734,1468047098.54
1424,1421,44808,1429,36833,1468047130.37
1424,1421,44808,1429,36833,1468047162.31
1424,1421,44808,1429,37734,1468047194.3
1424,1421,44808,1429,36833,1468047226.03
1424,1421,44808,1429,36833,1468047257.76
1424,1422,51124,1427,43057,1468047289.44
1424,1422,51124,1427,43057,1468047321.12
1424,1421,44808,1429,37734,1468047352.87
1424,1421,44808,1429,37734,1468047384.62
1424,1422,51124,1427,43057,1468047416.6
1424,1422,51124,1427,43057,1468047448.45
1424,1422,51126,1427,43510,1468047488.38
1424,1422,51126,1427,43510,1468047520.06
1424,1422,51126,1427,43510,1468047551.92
1424,1422,51126,1427,43510,1468047583.59
1424,1422,51126,1427,43510,1468047615.35
1424,1422,51124,1427,43057,1468047647.02
1424,1422,51126,1427,43510,1468047678.74
1424,1422,51124,1427,43057,1468047710.45
1424,1422,51126,1427,43510,1468047742.2
1424,1422,51126,1427,43510,1468047773.91
1424,1422,51126,1427,43510,1468047805.68
1424,1422,51124,1427,43057,1468047837.42
1424,1422,51124,1427,43057,1468047869.19
1424,1422,51126,1427,43510,1468047900.87
1424,1422,51126,1427,43510,1468047932.6
1422,1422,40912,1421,12397,1468047964.35
1424,1422,51126,1427,43510,1468047996.09
1424,1422,51126,1427,43510,1468048027.78
1422,1422,40912,1421,12397,1468048059.47
1422,1422,41013,1421,13004,1468048091.17
1422,1422,41013,1421,13004,1468048122.9
1422,1422,41013,1421,13004,1468048154.63
1422,1422,41013,1421,13004,1468048186.39
1422,1422,40912,1421,12397,1468048218.13
1422,1422,41013,1421,13004,1468048249.99
1422,1422,41013,1421,13004,1468048281.73
1422,1422,41013,1421,13004,1468048313.47
1422,1422,41013,1421,13004,1468048345.2
1422,1422,41013,1421,13004,1468048377.05
1422,1422,40912,1421,12397,1468048408.76
1422,1422,40912,1421,12397,1468048440.51
1422,1422,40912,1421,12397,1468048472.25
1422,1422,41013,1421,13004,1468048503.97
1423,1423,52080,1422,15830,1468048535.85
1422,1422,41013,1421,13004,1468048567.78
1422,1422,41013,1421,13004,1468048599.51
1423,1423,52080,1422,15830,1468048631.23
1423,1423,52080,1422,15830,1468048662.94
1423,1423,52080,1422,15830,1468048694.74
1423,1423,52080,1422,15830,1468048726.46
1423,1423,52080,1422,15830,1468048758.2
1423,1423,53853,1423,17630,1468048790.0
1423,1423,53853,1423,17630,1468048821.71
1423,1423,52080,1422,15830,1468048853.41
1423,1423,53853,1423,17630,1468048885.53
1423,1423,52080,1422,15830,1468048917.41
1423,1423,53853,1423,17630,1468048949.1
1423,1423,52080,1422,15830,1468048980.85
1423,1423,53853,1423,17630,1468049012.73
1423,1423,52080,1422,15830,1468049044.44
1423,1423,53853,1423,17630,1468049076.16
1423,1423,53853,1423,17630,1468049107.88
1423,1424,60624,1423,19378,1468049139.61
1423,1424,60624,1423,19378,1468049171.34
1423,1424,60624,1423,19378,1468049203.07
1423,1424,60624,1423,19378,1468049234.81
1423,1424,60624,1423,19378,1468049266.54
1423,1423,53853,1423,17630,1468049298.28
1423,1424,60624,1423,19378,1468049329.99
1424,1425,76632,1423,21432,1468049361.7
1423,1424,60624,1423,19378,1468049393.6
1423,1424,60624,1423,19378,1468049425.46
1424,1425,76632,1423,21432,1468049457.2
1423,1424,60624,1423,19378,1468049489.13
1423,1424,60624,1423,19378,1468049520.98
1423,1424,60624,1423,19378,1468049552.8
1423,1424,60624,1423,19378,1468049584.56
1424,1425,76632,1423,21432,1468049616.33
1423,1424,60624,1423,19378,1468049648.09
1423,1424,60624,1423,19378,1468049679.8
1423,1424,60624,1423,19378,1468049711.67
1428,1428,39074,1426,10229,1468049743.38
1424,1425,76632,1423,21432,1468049775.15
1424,1425,76632,1423,21432,1468049806.99
1428,1428,39074,1426,10229,1468049838.86
1424,1425,76632,1423,21432,1468049870.61
1428,1428,39074,1426,10229,1468049902.35
1428,1428,39074,1426,10229,1468049934.1
1428,1428,45796,1425,12123,1468049965.86
1428,1428,45796,1425,12123,1468049997.56
1428,1428,39074,1426,10229,1468050029.29
1428,1428,39074,1426,10229,1468050061.04
1428,1428,39074,1426,10229,1468050092.82
1428,1428,39074,1426,10229,1468050124.68
1428,1428,39074,1426,10229,1468050156.4
1428,1428,39074,1426,10229,1468050188.11
1428,1428,39074,1426,10229,1468050219.81
1428,1428,45796,1425,12123,1468050251.66
1428,1428,45796,1425,12123,1468050283.39
1428,1428,45796,1425,12123,1468050315.37
1428,1428,47749,1425,14552,1468050347.09
1428,1428,47749,1425,14552,1468050379.04
1428,1428,45796,1425,12123,1468050410.75
1428,1428,47749,1425,14552,1468050442.59
1428,1428,47749,1425,14552,1468050474.28
1428,1428,45796,1425,12123,1468050506.05
1428,1428,47749,1425,14552,1468050537.8
1428,1428,47749,1425,14552,1468050569.65
1427,1428,49921,1425,17429,1468050601.37
1428,1428,47749,1425,14552,1468050633.15
1428,1428,47749,1425,14552,1468050664.88
1427,1428,49921,1425,17429,1468050696.59
1427,1428,49921,1425,17429,1468050728.29
1428,1428,47749,1425,14552,1468050759.99
1427,1428,49921,1425,17429,1468050791.93
1427,1428,49921,1425,17429,1468050823.85
1428,1428,47749,1425,14552,1468050855.55
1427,1428,49921,1425,17429,1468050887.27
1427,1428,50922,1425,20781,1468050919.0
1427,1428,50922,1425,20781,1468050950.71
1427,1428,50922,1425,20781,1468050982.39
1427,1428,50922,1425,20781,1468051014.11
1427,1428,49921,1425,17429,1468051045.81
1430,1431,75434,1429,61966,1468090226.87
1429,1431,87030,1428,79532,1468090258.58
1429,1431,87030,1428,79532,1468090290.36
1429,1431,87030,1428,79532,1468090322.08
1429,1430,94469,1428,87617,1468090353.99
1429,1431,87030,1428,79532,1468090385.73
1429,1430,94469,1428,87617,1468090417.63
1429,1430,94469,1428,87617,1468090449.43
1429,1430,94469,1428,87617,1468090481.18
1429,1430,94469,1428,87617,1468090513.14
1429,1430,94469,1428,87617,1468090544.98
1429,1430,94469,1428,87617,1468090576.82
1429,1430,101609,1428,89140,1468090608.61
1429,1430,94469,1428,87617,1468090640.31
1429,1430,94469,1428,87617,1468090672.11
1429,1430,105274,1428,91986,1468090703.98
1429,1430,101609,1428,89140,1468090735.83
1429,1430,101609,1428,89140,1468090767.55
1429,1430,105274,1428,91986,1468090799.39
1429,1430,101609,1428,89140,1468090831.3
1429,1430,105274,1428,91986,1468090863.07
1429,1430,101609,1428,89140,1468090895.19
1429,1430,105274,1428,91986,1468090926.91
1429,1430,101609,1428,89140,1468090958.69
1429,1430,101609,1428,89140,1468090990.42
1429,1430,105274,1428,91986,1468091022.28
1429,1430,101609,1428,89140,1468091053.99
1429,1430,101609,1428,89140,1468091085.71
1428,1430,57045,1426,50108,1468091117.59
1429,1430,105274,1428,91986,1468091149.27
1429,1430,105274,1428,91986,1468091180.99
1428,1430,57045,1426,50108,1468091212.69
1429,1430,105274,1428,91986,1468091244.42
1428,1430,57045,1426,50108,1468091276.12
1428,1430,57045,1426,50108,1468091307.89
1425,1425,76208,1426,57948,1468091339.76
1428,1430,57045,1426,50108,1468091371.66
1425,1425,76208,1426,57948,1468091403.35
1425,1425,76208,1426,57948,1468091435.06
1425,1425,76208,1426,57948,1468091466.98
1425,1425,76208,1426,57948,1468091498.72
1425,1425,76208,1426,57948,1468091530.6
1425,1425,76208,1426,57948,1468091562.39
1428,1430,57045,1426,50108,1468091594.1
1425,1425,76208,1426,57948,1468091625.83
1425,1425,76208,1426,57948,1468091657.55
1425,1425,76208,1426,57948,1468091689.3
1425,1425,76208,1426,57948,1468091721.01
1425,1425,85694,1425,66966,1468091752.72
1425,1425,85694,1425,66966,1468091784.46
1425,1425,76208,1426,57948,1468091816.31
1425,1425,76208,1426,57948,1468091848.15
1425,1425,85694,1425,66966,1468091879.97
1425,1425,85694,1425,66966,1468091911.74
1425,1425,85694,1425,66966,1468091943.45
1425,1425,85694,1425,66966,1468091975.16
1425,1425,85694,1425,66966,1468092006.89
1425,1426,106245,1425,92561,1468092038.61
1425,1425,85694,1425,66966,1468092070.33
1425,1426,106245,1425,92561,1468092102.03
1425,1426,106245,1425,92561,1468092133.72
1425,1426,106245,1425,92561,1468092165.57
1425,1426,106245,1425,92561,1468092197.43
1425,1425,85694,1425,66966,1468092229.15
1425,1425,85694,1425,66966,1468092260.89
1425,1426,106245,1425,92561,1468092292.59
1425,1425,85694,1425,66966,1468092324.36
1425,1426,106245,1425,92561,1468092356.1
1425,1426,106245,1425,92561,1468092388.13
1425,1426,106245,1425,92561,1468092419.83
1424,1425,119252,1423,113940,1468092451.56
1424,1425,119252,1423,113940,1468092483.25
1425,1426,106245,1425,92561,1468092515.05
1424,1425,119252,1423,113940,1468092546.78
1424,1425,119252,1423,113940,1468092578.5
1424,1425,119252,1423,113940,1468092610.37
1424,1425,119252,1423,113940,1468092642.29
1424,1425,119252,1423,113940,1468092674.17
1424,1425,132355,1423,117865,1468092705.94
1424,1425,119252,1423,113940,1468092737.69
1424,1425,119252,1423,113940,1468092769.72
1424,1425,132355,1423,117865,1468092801.43
1424,1425,132355,1423,117865,1468092833.17
1424,1425,132355,1423,117865,1468092865.01
1424,1425,132355,1423,117865,1468092897.01
1424,1425,132355,1423,117865,1468092928.9
1424,1425,132355,1423,117865,1468092960.62
1420,1421,95473,1419,77931,1468092992.5
1424,1425,132355,1423,117865,1468093024.32
1420,1421,95473,1419,77931,1468093056.04
1424,1425,132355,1423,117865,1468093087.96
1424,1425,132355,1423,117865,1468093119.72
1420,1421,95473,1419,77931,1468093151.49
1424,1425,132355,1423,117865,1468093183.22
1420,1421,95473,1419,77931,1468093214.93
1420,1421,95473,1419,77931,1468093246.69
1420,1421,95761,1420,85977,1468093278.6
1420,1421,95761,1420,85977,1468093310.31
1420,1421,95761,1420,85977,1468093342.4
1420,1421,95473,1419,77931,1468093374.14
1420,1421,95473,1419,77931,1468093406.01
1420,1421,95473,1419,77931,1468093437.74
1420,1421,95473,1419,77931,1468093469.5
1420,1421,95761,1420,85977,1468093501.22
1420,1421,95761,1420,85977,1468093533.03
1420,1421,95761,1420,85977,1468093564.76
1420,1421,98654,1419,92021,1468093596.68
1420,1421,98654,1419,92021,1468093628.73
1420,1421,98654,1419,92021,1468093660.44
1420,1421,98654,1419,92021,1468093692.19
1420,1421,98654,1419,92021,1468093723.91
1420,1421,95761,1420,85977,1468093755.82
1420,1421,98654,1419,92021,1468093787.89
1420,1421,95761,1420,85977,1468093819.6
1420,1421,98654,1419,92021,1468093851.37
1420,1421,98654,1419,92021,1468093883.12
1420,1421,100776,1419,92723,1468093914.96
1420,1421,98654,1419,92021,1468093946.88
1420,1421,100776,1419,92723,1468093978.61
1420,1421,98654,1419,92021,1468094010.49
1420,1421,100776,1419,92723,1468094042.41
1420,1421,100776,1419,92723,1468094074.33
1420,1421,100776,1419,92723,1468094106.05
1420,1421,100776,1419,92723,1468094137.79
1419,1420,109473,1419,99525,1468094169.52
1419,1420,109473,1419,99525,1468094201.26
1420,1421,100776,1419,92723,1468094232.97
1420,1421,100776,1419,92723,1468094264.86
1419,1420,109475,1418,101365,1468094298.16
1419,1420,109475,1418,101365,1468094331.48
1419,1420,109475,1418,101365,1468094363.49
1419,1420,109475,1418,101365,1468094395.4
1419,1420,109475,1418,101365,1468094427.12
1419,1420,109475,1418,101365,1468094458.86
1419,1420,109475,1418,101365,1468094490.61
1419,1420,109473,1419,99525,1468094522.31
1419,1420,109475,1418,101365,1468094554.07
1419,1420,109475,1418,101365,1468094585.94
1419,1420,109475,1418,101365,1468094617.83
1419,1420,109475,1418,101365,1468094649.56
1419,1420,109473,1419,99525,1468094681.44
1419,1420,109475,1418,101365,1468094713.17
1419,1420,109475,1418,101365,1468094745.04
1416,1418,36883,1414,40292,1468094776.8
1419,1420,109475,1418,101365,1468094808.54
1416,1418,36883,1414,40292,1468094840.26
1416,1418,36883,1414,40292,1468094872.16
1416,1417,44777,1414,42100,1468094903.89
1416,1418,36883,1414,40292,1468094935.67
1416,1417,44777,1414,42100,1468094967.57
1416,1418,36883,1414,40292,1468094999.38
1416,1417,44777,1414,42100,1468095031.1
1416,1417,44777,1414,42100,1468095062.82
1416,1417,44777,1414,42100,1468095094.74
1416,1418,36883,1414,40292,1468095126.48
1416,1418,36883,1414,40292,1468095158.24
1416,1417,44777,1414,42100,1468095189.98
1416,1417,44777,1414,42100,1468095221.72
1416,1418,36883,1414,40292,1468095253.47
1416,1417,44777,1414,42100,1468095285.21
1416,1417,44777,1414,42100,1468095316.95
1416,1417,44777,1414,42100,1468095348.74
1416,1417,44777,1414,42100,1468095380.5
1416,1417,44777,1414,42100,1468095412.25
1416,1417,44777,1414,42100,1468095444.0
1416,1417,44777,1414,42100,1468095475.88
1416,1417,54167,1414,56405,1468095507.79
1416,1417,54167,1414,56405,1468095539.55
1416,1417,54167,1414,56405,1468095571.3
1416,1417,54167,1414,56405,1468095603.41
1416,1417,54167,1414,56405,1468095635.19
1416,1417,54166,1414,55692,1468095666.95
1416,1417,54167,1414,56405,1468095698.85
1416,1417,54167,1414,56405,1468095730.6
1416,1417,54166,1414,55692,1468095762.63
1416,1417,54167,1414,56405,1468095794.37
1416,1417,54166,1414,55692,1468095826.36
1416,1417,54167,1414,56405,1468095858.13
1416,1417,54166,1414,55692,1468095889.87
1416,1417,54166,1414,55692,1468095921.76
1416,1417,54167,1414,56405,1468095953.66
1416,1417,54167,1414,56405,1468095985.41
1416,1417,54167,1414,56405,1468096017.18
1416,1417,65089,1414,63815,1468096048.94
1416,1417,65089,1414,63815,1468096080.99
1416,1417,65089,1414,64529,1468096112.73
1416,1417,65089,1414,64529,1468096144.47
1416,1417,65089,1414,63815,1468096176.28
1416,1417,65089,1414,63815,1468096208.19
1416,1417,65089,1414,63815,1468096240.11
1416,1417,65089,1414,64529,1468096271.84
1416,1417,65089,1414,63815,1468096303.57
1416,1417,65089,1414,63815,1468096335.34
1416,1417,65089,1414,64529,1468096367.1
1416,1417,65089,1414,63815,1468096398.86
1416,1417,65089,1414,64529,1468096430.87
1416,1417,65089,1414,64529,1468096462.64
1416,1417,65089,1414,63815,1468096494.43
1416,1417,65089,1414,63815,1468096526.39
1416,1417,65089,1414,64529,1468096558.18
1416,1417,65089,1414,64529,1468096589.95
1416,1417,65089,1414,63815,1468096621.75
1415,1416,51246,1414,40576,1468096653.55
1415,1416,51246,1414,40576,1468096685.42
1415,1416,51246,1414,40676,1468096717.21
1415,1416,51246,1414,40576,1468096748.97
1415,1416,51246,1414,40676,1468096780.78
1415,1416,51246,1414,40576,1468096813.69
1415,1416,51246,1414,40576,1468096845.43
1415,1416,51246,1414,40676,1468096877.29
1415,1416,51246,1414,40576,1468096909.03
1415,1416,51246,1414,40576,1468096940.92
1415,1416,51246,1414,40676,1468096972.66
1415,1416,51246,1414,40676,1468097004.41
1415,1416,51246,1414,40676,1468097036.16
1415,1416,51246,1414,40576,1468097067.91
1415,1416,51246,1414,40676,1468097099.68
1415,1416,51246,1414,40576,1468097131.74
1415,1416,51246,1414,40576,1468097163.65
1415,1416,51246,1414,40676,1468097195.41
1415,1416,51246,1414,40576,1468097227.3
1415,1416,66060,1414,52700,1468097259.06
1415,1416,66060,1414,52700,1468097290.94
1415,1416,66061,1414,52800,1468097322.73
1415,1416,66060,1414,52700,1468097354.65
1415,1416,66060,1414,52700,1468097386.55
1415,1416,66061,1414,52800,1468097418.48
1415,1416,66061,1414,52800,1468097450.44
1415,1416,66061,1414,52800,1468097482.2
1415,1416,66061,1414,52800,1468097513.97
1415,1416,66061,1414,52800,1468097545.86
1415,1416,66060,1414,52700,1468097577.61
1415,1416,66060,1414,52700,1468097609.35
1415,1416,66060,1414,52700,1468097641.24
1415,1416,66060,1414,52700,1468097673.04
1415,1416,66061,1414,52800,1468097708.32
1415,1416,66061,1414,52800,1468097741.48
1415,1416,66061,1414,52800,1468097773.24
1415,1416,66061,1414,52800,1468097804.99
1416,1417,69455,1414,58266,1468097836.9
1416,1417,69455,1414,58266,1468097868.63
1416,1417,69455,1414,58266,1468097900.39
1415,1417,69467,1414,65526,1468097932.73
1416,1417,69455,1414,58266,1468097964.5
1416,1417,69455,1414,58266,1468097996.25
1416,1417,69455,1414,58266,1468098028.02
1416,1417,69455,1414,58266,1468098059.77
1415,1417,69467,1414,65526,1468098091.51
1415,1417,69467,1414,65526,1468098123.29
1416,1417,69455,1414,58266,1468098155.04
1416,1417,69455,1414,58266,1468098186.82
1415,1417,69467,1414,65526,1468098218.74
1416,1417,69455,1414,58266,1468098250.48
1416,1417,69455,1414,58266,1468098282.29
1415,1417,69467,1414,65526,1468098314.21
1415,1417,69467,1414,65526,1468098346.18
1415,1417,69467,1414,65526,1468098378.01
1415,1418,38426,1413,36992,1468098409.75
1415,1417,69467,1414,65526,1468098441.51
1415,1417,69467,1414,65526,1468098473.25
1415,1417,69467,1414,65526,1468098505.21
1415,1418,42272,1413,38033,1468098536.95
1415,1418,42272,1413,38033,1468098568.71
1415,1418,38426,1413,36992,1468098600.48
1415,1418,38426,1413,36992,1468098632.5
1415,1418,38426,1413,36992,1468098664.26
1415,1418,38426,1413,36992,1468098696.06
1415,1418,38426,1413,36992,1468098727.82
1415,1418,42272,1413,38033,1468098759.87
1415,1418,42272,1413,38033,1468098791.63
1415,1418,42272,1413,38033,1468098823.54
1415,1418,38426,1413,36992,1468098855.28
1415,1418,42272,1413,38033,1468098887.04
1415,1418,42272,1413,38033,1468098918.93
1415,1418,42272,1413,38033,1468098950.68
1415,1418,42272,1413,38033,1468098982.44
1415,1416,61274,1413,41604,1468099014.19
1415,1416,61274,1413,41604,1468099046.08
1415,1416,61274,1413,41604,1468099077.83
1415,1418,42272,1413,38033,1468099109.83
1415,1416,65698,1413,45133,1468099141.89
1415,1416,61274,1413,41604,1468099173.67
1415,1416,65698,1413,45133,1468099205.43
1415,1416,61274,1413,41604,1468099237.23
1415,1416,65698,1413,45133,1468099268.97
1415,1416,61274,1413,41604,1468099301.07
1415,1416,61274,1413,41604,1468099332.81
1415,1416,65698,1413,45133,1468099364.57
1415,1416,65698,1413,45133,1468099396.38
1415,1416,65698,1413,45133,1468099428.12
1415,1416,65698,1413,45133,1468099459.86
1415,1416,65698,1413,45133,1468099491.96
1415,1416,61274,1413,41604,1468099523.86
1415,1416,65698,1413,45133,1468099555.59
1415,1416,65698,1413,45133,1468099587.32
1415,1416,65698,1413,45133,1468099619.2
1415,1416,74301,1413,57904,1468099650.94
1415,1416,65698,1413,45133,1468099682.71
1415,1416,65698,1413,45133,1468099714.51
1414,1416,77254,1413,61311,1468099746.24
1415,1416,74301,1413,57904,1468099778.07
1415,1416,74301,1413,57904,1468099810.93
1414,1416,77254,1413,61311,1468099842.7
1415,1416,74301,1413,57904,1468099874.49
1414,1416,77254,1413,61311,1468099906.36
1414,1416,77254,1413,61311,1468099938.13
1414,1416,77254,1413,61311,1468099969.89
1415,1416,74301,1413,57904,1468100001.61
1415,1416,74301,1413,57904,1468100033.51
1414,1416,77254,1413,61311,1468100065.27
1414,1416,77254,1413,61311,1468100097.04
1415,1416,74301,1413,57904,1468100128.8
1414,1416,77254,1413,61311,1468100160.55
1414,1416,77254,1413,61311,1468100192.28
1414,1416,77254,1413,61311,1468100223.98
1414,1415,60545,1412,39276,1468100255.72
1414,1416,77254,1413,61311,1468100287.46
1414,1416,77254,1413,61311,1468100319.15
1414,1415,64469,1412,41735,1468100350.88
1414,1415,64469,1412,41735,1468100382.78
1414,1415,60545,1412,39276,1468100414.47
1414,1415,60545,1412,39276,1468100446.34
1414,1415,60545,1412,39276,1468100478.07
1414,1415,64469,1412,41735,1468100509.89
1414,1415,60545,1412,39276,1468100541.62
1414,1415,64469,1412,41735,1468100573.3
1414,1415,64469,1412,41735,1468100605.04
1414,1415,64469,1412,41735,1468100636.91
1414,1415,60545,1412,39276,1468100668.81
1414,1415,60545,1412,39276,1468100700.56
1414,1415,60545,1412,39276,1468100732.31
1414,1415,85579,1412,50005,1468100764.04
1414,1415,85579,1412,50005,1468100795.84
1414,1415,85579,1412,50005,1468100827.55
1414,1415,85579,1412,50005,1468100859.29
1414,1415,64469,1412,41735,1468100891.01
1414,1415,64469,1412,41735,1468100922.97
1414,1415,85579,1412,50005,1468100954.83
1414,1415,85579,1412,50005,1468100986.69
1414,1415,85579,1412,50005,1468101018.45
1415,1416,93116,1413,55738,1468101050.22
1415,1416,93116,1413,55738,1468101082.24
1414,1415,85579,1412,50005,1468101114.1
1415,1416,93116,1413,55738,1468101145.97
1414,1415,85579,1412,50005,1468101177.75
1414,1415,85579,1412,50005,1468101209.49
1415,1416,93116,1413,55738,1468101241.22
1414,1415,85579,1412,50005,1468101273.09
1415,1416,93116,1413,55738,1468101304.99
1415,1416,98881,1413,58317,1468101336.72
1415,1416,93116,1413,55738,1468101368.48
1415,1416,98881,1413,58317,1468101400.33
1415,1416,93116,1413,55738,1468101432.09
1415,1416,93116,1413,55738,1468101463.92
1415,1416,98881,1413,58317,1468101495.81
1415,1416,98881,1413,58317,1468101527.53
1415,1416,100926,1413,59253,1468101559.61
1415,1416,100926,1413,59253,1468101591.33
1415,1416,100926,1413,59253,1468101623.06
1415,1416,100926,1413,59253,1468101654.78
1415,1416,100926,1413,59253,1468101686.5
1415,1416,100926,1413,59253,1468101718.24
1415,1416,98881,1413,58317,1468101750.1
1415,1416,100926,1413,59253,1468101781.82
1415,1416,100926,1413,59253,1468101813.59
1415,1416,100926,1413,59253,1468101845.31
1415,1416,100926,1413,59253,1468101877.16
1415,1416,98881,1413,58317,1468101908.89
1415,1416,100926,1413,59253,1468101940.79
1416,1417,51647,1414,28782,1468101972.52
1416,1417,51647,1414,28782,1468102004.3
1416,1417,51647,1414,28782,1468102036.02
1416,1417,51647,1414,28782,1468102067.75
1416,1417,51647,1414,28782,1468102099.52
1416,1417,51647,1414,28782,1468102131.26
1416,1417,51647,1414,28782,1468102163.13
1416,1417,63337,1416,32250,1468102194.82
1416,1417,63337,1416,32250,1468102226.58
1416,1417,51647,1414,28782,1468102258.35
1416,1417,63337,1416,32250,1468102290.35
1416,1417,51647,1414,28782,1468102322.07
1416,1417,51647,1414,28782,1468102354.02
1416,1417,51647,1414,28782,1468102385.75
1416,1417,51647,1414,28782,1468102417.49
1416,1417,63337,1416,32250,1468102449.21
1416,1417,51647,1414,28782,1468102480.91
1416,1417,51647,1414,28782,1468102512.63
1416,1417,51647,1414,28782,1468102544.53
1416,1417,63337,1416,32250,1468102576.24
1417,1417,77263,1416,38386,1468102608.11
1416,1417,63337,1416,32250,1468102639.99
1417,1417,77263,1416,38386,1468102671.84
1416,1417,63337,1416,32250,1468102703.58
1417,1417,77263,1416,38386,1468102735.3
1417,1417,77263,1416,38386,1468102767.01
1417,1417,79397,1416,39538,1468102798.85
1417,1417,79397,1416,39538,1468102830.71
1417,1417,77263,1416,38386,1468102862.46
1417,1417,77263,1416,38386,1468102894.23
1417,1417,77263,1416,38386,1468102925.94
1417,1417,77263,1416,38386,1468102957.68
1417,1417,77263,1416,38386,1468102989.39
1417,1417,79397,1416,39538,1468103021.31
1417,1417,77263,1416,38386,1468103053.02
1417,1417,79397,1416,39538,1468103084.75
1417,1417,79397,1416,39538,1468103116.46
1417,1417,79397,1416,39538,1468103148.35
1417,1417,79397,1416,39538,1468103180.17
1417,1418,92458,1416,44509,1468103211.92
1417,1418,92458,1416,44509,1468103243.66
1417,1417,79397,1416,39538,1468103275.43
1417,1418,92458,1416,44509,1468103307.18
1417,1418,92458,1416,44509,1468103338.91
1417,1418,92458,1416,44509,1468103370.68
1418,1418,95502,1417,47045,1468103402.41
1417,1418,92458,1416,44509,1468103434.17
1418,1418,95502,1417,47045,1468103465.9
1418,1418,95502,1417,47045,1468103497.64
1417,1418,92458,1416,44509,1468103529.38
1417,1418,92458,1416,44509,1468103561.1
1417,1418,92458,1416,44509,1468103592.8
1417,1418,92458,1416,44509,1468103624.56
1417,1418,92458,1416,44509,1468103656.3
1417,1418,92458,1416,44509,1468103688.16
1417,1418,92458,1416,44509,1468103719.93
1417,1418,92458,1416,44509,1468103751.65
1418,1418,95502,1417,47045,1468103783.59
1418,1418,95502,1417,47045,1468103815.32
1418,1418,95502,1417,47045,1468103847.08
1418,1418,95502,1417,47045,1468103878.95
1419,1419,70207,1419,38745,1468103910.75
1418,1418,95502,1417,47045,1468103942.64
1419,1419,70207,1419,38745,1468103974.56
1419,1419,70207,1419,38745,1468104006.3
1419,1419,70207,1419,38745,1468104038.06
1419,1419,70207,1419,38745,1468104069.78
1419,1419,70207,1419,38745,1468104101.51
1419,1419,78830,1419,45754,1468104133.39
1419,1419,78830,1419,45754,1468104165.12
1419,1419,70207,1419,38745,1468104196.84
1419,1419,70207,1419,38745,1468104228.59
1419,1419,70207,1419,38745,1468104260.35
1419,1419,70207,1419,38745,1468104292.11
1419,1419,70207,1419,38745,1468104323.85
1419,1419,78830,1419,45754,1468104355.64
1419,1419,70207,1419,38745,1468104387.42
1419,1419,78830,1419,45754,1468104419.3
1419,1419,78830,1419,45754,1468104451.09
1419,1419,83733,1419,54306,1468104482.85
1419,1419,78830,1419,45754,1468104514.62
1419,1419,83733,1419,54306,1468104546.41
1419,1419,83733,1419,54306,1468104578.18
1419,1419,78830,1419,45754,1468104609.92
1419,1419,83733,1419,54306,1468104641.64
1419,1419,83733,1419,54306,1468104673.36
1419,1419,83750,1419,58788,1468104705.15
1419,1419,83750,1419,58788,1468104736.88
1419,1419,83750,1419,58788,1468104768.79
1428,1428,106610,1428,72871,1468126818.95
1428,1428,106610,1428,72871,1468126850.71
1428,1428,106610,1428,72871,1468126882.53
1427,1426,96706,1428,64631,1468126914.29
1427,1426,96706,1428,64631,1468126946.19
1428,1428,106610,1428,72871,1468126977.95
1428,1428,106610,1428,72871,1468127009.9
1428,1428,106610,1428,72871,1468127041.75
1428,1428,106610,1428,72871,1468127073.49
1428,1428,106610,1428,72871,1468127105.28
1428,1428,106610,1428,72871,1468127137.03
1428,1428,106610,1428,72871,1468127168.94
1428,1428,106610,1428,72871,1468127201.69
1428,1428,106610,1428,72871,1468127233.55
1428,1428,106610,1428,72871,1468127265.51
1428,1428,106610,1428,72871,1468127297.25
1430,1429,51776,1431,47527,1468127328.97
1430,1429,51776,1431,47527,1468127360.73
1430,1429,54678,1431,51992,1468127392.46
1430,1429,51776,1431,47527,1468127424.17
1430,1429,51776,1431,47527,1468127456.15
1430,1429,54678,1431,51992,1468127487.89
1430,1429,54678,1431,51992,1468127519.63
1430,1429,54678,1431,51992,1468127552.6
1430,1429,51776,1431,47527,1468127584.34
1430,1429,51776,1431,47527,1468127616.05
1430,1429,51776,1431,47527,1468127647.89
1430,1429,51776,1431,47527,1468127679.64
1430,1429,51776,1431,47527,1468127711.41
1430,1429,54678,1431,51992,1468127743.16
1429,1429,57512,1430,62232,1468127774.92
1429,1429,57512,1430,62232,1468127806.72
1430,1429,54678,1431,51992,1468127838.47
1429,1429,57512,1430,62232,1468127870.19
1429,1429,57512,1430,62232,1468127901.99
1430,1429,54678,1431,51992,1468127933.7
1429,1429,57512,1430,62232,1468127965.49
1429,1429,60197,1429,67342,1468127997.21
1429,1429,60197,1429,67342,1468128028.95
1429,1429,60197,1429,67342,1468128060.7
1429,1429,57512,1430,62232,1468128092.4
1429,1429,60197,1429,67342,1468128124.14
1429,1429,57512,1430,62232,1468128155.94
1429,1429,57512,1430,62232,1468128187.67
1429,1429,57512,1430,62232,1468128219.43
1429,1429,57512,1430,62232,1468128251.16
1429,1429,57512,1430,62232,1468128283.88
1429,1429,60197,1429,67342,1468128315.62
1429,1429,57512,1430,62232,1468128347.36
1429,1429,60197,1429,67342,1468128379.1
1429,1429,60197,1429,67342,1468128410.85
1429,1429,60197,1429,67342,1468128442.61
1429,1429,60197,1429,67342,1468128474.41
1429,1429,60197,1429,67342,1468128506.16
1428,1428,72709,1428,76241,1468128537.92
1428,1428,72709,1428,76241,1468128569.68
1428,1428,72709,1428,76241,1468128601.48
1428,1427,75197,1428,77634,1468128633.28
1428,1427,75197,1428,77634,1468128665.07
1428,1428,72709,1428,76241,1468128696.85
1428,1427,75197,1428,77634,1468128728.62
1428,1428,72709,1428,76241,1468128760.34
1428,1427,75197,1428,77634,1468128792.22
1428,1428,72709,1428,76241,1468128824.37
1428,1427,75197,1428,77634,1468128856.28
1428,1427,75197,1428,77634,1468128888.3
1428,1427,75197,1428,77634,1468128920.07
1428,1427,75197,1428,77634,1468128951.8
1428,1428,72709,1428,76241,1468128983.69
1428,1427,75197,1428,77634,1468129015.49
1428,1427,75197,1428,77634,1468129047.29
1423,1424,25471,1423,39801,1468129079.17
1428,1427,75197,1428,77634,1468129110.92
1428,1427,75197,1428,77634,1468129142.67
1428,1427,75197,1428,77634,1468129174.45
1423,1424,25471,1423,39801,1468129206.19
1423,1424,25471,1423,39801,1468129237.95
1423,1423,32791,1423,41334,1468129269.71
1423,1423,32791,1423,41334,1468129301.47
1423,1423,32791,1423,41334,1468129333.21
1423,1423,32791,1423,41334,1468129365.0
1423,1424,25471,1423,39801,1468129396.77
1423,1424,25471,1423,39801,1468129428.51
1423,1423,32791,1423,41334,1468129460.26
1423,1423,32791,1423,41334,1468129492.03
1423,1424,25471,1423,39801,1468129523.75
1423,1424,25471,1423,39801,1468129555.77
1423,1424,25471,1423,39801,1468129587.51
1423,1424,25471,1423,39801,1468129619.31
1423,1424,25471,1423,39801,1468129651.18
1423,1423,32791,1423,41334,1468129682.96
1423,1423,32791,1423,41334,1468129714.89
1423,1423,34493,1423,50774,1468129746.61
1423,1423,32791,1423,41334,1468129778.34
1423,1423,32791,1423,41334,1468129810.11
1423,1423,32791,1423,41334,1468129841.87
1423,1423,34493,1423,50774,1468129873.59
1423,1423,34493,1423,50774,1468129905.37
1423,1423,34493,1423,50774,1468129937.16
1423,1423,34493,1423,50774,1468129969.04
1424,1423,34494,1424,51628,1468130000.8
1424,1423,34494,1424,51628,1468130032.68
1423,1423,34493,1423,50774,1468130064.41
1424,1423,34494,1424,51628,1468130096.32
1424,1423,34494,1424,51628,1468130128.06
1424,1423,34494,1424,51628,1468130159.82
1425,1426,37196,1424,56332,1468130191.59
1424,1423,34494,1424,51628,1468130223.39
1424,1423,34494,1424,51628,1468130255.32
1424,1423,34494,1424,51628,1468130287.05
1426,1426,37198,1426,67589,1468130318.86
1425,1426,37196,1424,56332,1468130350.79
1425,1426,37196,1424,56332,1468130382.54
1425,1426,37196,1424,56332,1468130414.27
1426,1426,37198,1426,67589,1468130446.04
1425,1426,37196,1424,56332,1468130477.79
1426,1426,37198,1426,67589,1468130509.51
1425,1426,37196,1424,56332,1468130541.27
1426,1426,37198,1426,67589,1468130573.02
1426,1426,37198,1426,67589,1468130604.77
1426,1426,37198,1426,67589,1468130636.49
1426,1426,37198,1426,67589,1468130668.21
1426,1426,37198,1426,67589,1468130699.96
1429,1436,16057,1427,41321,1468130732.01
1426,1426,37198,1426,67589,1468130763.87
1426,1426,37198,1426,67589,1468130795.65
1426,1426,37198,1426,67589,1468130827.41
1426,1426,37198,1426,67589,1468130859.35
1426,1426,37198,1426,67589,1468130891.11
1429,1436,16057,1427,41321,1468130923.03
1429,1435,18591,1427,42326,1468130954.77
1429,1436,16057,1427,41321,1468130986.68
1429,1435,18591,1427,42326,1468131018.44
1429,1435,18591,1427,42326,1468131050.2
1429,1436,16057,1427,41321,1468131081.94
1429,1436,16057,1427,41321,1468131113.68
1429,1435,18591,1427,42326,1468131145.44
1429,1435,18591,1427,42326,1468131177.2
1429,1435,18591,1427,42326,1468131208.96
1429,1435,18591,1427,42326,1468131240.73
1429,1435,18591,1427,42326,1468131272.48
1429,1436,16057,1427,41321,1468131304.3
1429,1435,18591,1427,42326,1468131336.11
1429,1435,18591,1427,42326,1468131367.87
1427,1432,22413,1425,53196,1468131399.77
1427,1432,22413,1425,53196,1468131431.51
1427,1432,22413,1425,53196,1468131463.25
1429,1435,18591,1427,42326,1468131494.98
1427,1432,22413,1425,53196,1468131526.79
1426,1431,25927,1425,61347,1468131558.75
1426,1431,25927,1425,61347,1468131590.55
1426,1431,25927,1425,61347,1468131622.29
1426,1431,25927,1425,61347,1468131654.15
1426,1431,25927,1425,61347,1468131685.91
1426,1431,25927,1425,61347,1468131717.83
1427,1432,22413,1425,53196,1468131749.89
1426,1431,25927,1425,61347,1468131781.68
1426,1431,25927,1425,61347,1468131813.44
1427,1432,22413,1425,53196,1468131845.37
1427,1432,22413,1425,53196,1468131877.29
1427,1432,22413,1425,53196,1468131909.11
1427,1432,22413,1425,53196,1468131940.89
1426,1431,26737,1424,64689,1468131972.64
1426,1431,26737,1424,64689,1468132004.4
1426,1431,25927,1425,61347,1468132036.19
1426,1431,26737,1424,64689,1468132067.93
1426,1431,26737,1424,64689,1468132099.7
1426,1431,25927,1425,61347,1468132131.48
1426,1431,26737,1424,64689,1468132163.29
1426,1431,28281,1424,71888,1468132195.19
1426,1431,28281,1424,71888,1468132226.99
1426,1431,26737,1424,64689,1468132258.74
1426,1431,28281,1424,71888,1468132290.49
1426,1431,26737,1424,64689,1468132322.25
1426,1431,28281,1424,71888,1468132354.37
1426,1431,28281,1424,71888,1468132387.32
1426,1431,26737,1424,64689,1468132419.1
1426,1431,28281,1424,71888,1468132450.9
1426,1431,26737,1424,64689,1468132482.8
1426,1431,26737,1424,64689,1468132514.56
1426,1431,28281,1424,71888,1468132546.36
1425,1432,18090,1422,42444,1468132578.13
1425,1432,18090,1422,42444,1468132609.87
1425,1432,18090,1422,42444,1468132641.82
1426,1431,28281,1424,71888,1468132673.59
1425,1432,18090,1422,42444,1468132705.36
1426,1431,28281,1424,71888,1468132737.13
1425,1432,18090,1422,42444,1468132768.91
1425,1431,19927,1422,48445,1468132800.7
1425,1432,18090,1422,42444,1468132832.51
1425,1432,18090,1422,42444,1468132864.46
1425,1431,19927,1422,48445,1468132896.26
1425,1431,19927,1422,48445,1468132928.04
1425,1431,19927,1422,48445,1468132959.83
1425,1431,19927,1422,48445,1468132991.73
1425,1432,18090,1422,42444,1468133023.52
1425,1431,19927,1422,48445,1468133055.36
1425,1431,19927,1422,48445,1468133087.11
1425,1431,19927,1422,48445,1468133118.85
1425,1432,18090,1422,42444,1468133150.61
1425,1431,19927,1422,48445,1468133182.58
1425,1431,19927,1422,48445,1468133214.48
1425,1431,19927,1422,48445,1468133246.45
1428,1440,22110,1424,54205,1468133278.25
1428,1440,22110,1424,54205,1468133310.03
1428,1440,22110,1424,54205,1468133341.84
1428,1440,22110,1424,54205,1468133373.66
1428,1440,22110,1424,54205,1468133405.47
1428,1440,22110,1424,54205,1468133437.42
1428,1440,22110,1424,54205,1468133469.19
1428,1440,22110,1424,54205,1468133500.97
1428,1440,22111,1424,55553,1468133532.73
1428,1440,22110,1424,54205,1468133564.47
1428,1440,22111,1424,55553,1468133596.24
1428,1440,22111,1424,55553,1468133628.02
1428,1440,22110,1424,54205,1468133659.77
1428,1440,22110,1424,54205,1468133691.55
1431,1440,22673,1428,59905,1468133723.37
1431,1440,22673,1428,59905,1468133755.12
1431,1440,22673,1428,59905,1468133786.88
1428,1440,22111,1424,55553,1468133818.66
1431,1440,22673,1428,59905,1468133850.57
1431,1440,22673,1428,59905,1468133882.45
1431,1440,22673,1428,59905,1468133914.25
1431,1437,27775,1428,60444,1468133946.18
1431,1440,22673,1428,59905,1468133977.96
1431,1437,27775,1428,60444,1468134009.74
1431,1437,27775,1428,60444,1468134041.49
1431,1440,22673,1428,59905,1468134073.24
1431,1437,27775,1428,60444,1468134104.98
1431,1440,22673,1428,59905,1468134136.75
1431,1437,27775,1428,60444,1468134168.67
1431,1437,27775,1428,60444,1468134200.56
1431,1440,22673,1428,59905,1468134232.34
1431,1440,22673,1428,59905,1468134264.12
1431,1437,27775,1428,60444,1468134295.86
1439,1440,14136,1439,28922,1468134327.62
1431,1437,27775,1428,60444,1468134359.38
1431,1437,27775,1428,60444,1468134391.14
1439,1440,14136,1439,28922,1468134423.03
1439,1440,14136,1439,28922,1468134455.24
1439,1440,14136,1439,28922,1468134487.03
1439,1440,14136,1439,28922,1468134518.81
1438,1438,17136,1438,29491,1468134550.71
1438,1438,17136,1438,29491,1468134582.45
1438,1438,17136,1438,29491,1468134614.23
1439,1440,14136,1439,28922,1468134645.99
1438,1438,17136,1438,29491,1468134677.87
1439,1440,14136,1439,28922,1468134709.8
1438,1438,17136,1438,29491,1468134741.58
1439,1440,14136,1439,28922,1468134773.36
1439,1440,14136,1439,28922,1468134805.12
1438,1438,17136,1438,29491,1468134836.91
1439,1440,14136,1439,28922,1468134868.7
1439,1440,14136,1439,28922,1468134900.64
1438,1438,17136,1438,29491,1468134932.53
1437,1436,22596,1437,33070,1468134964.38
1437,1436,22596,1437,33070,1468134996.22
1438,1438,17136,1438,29491,1468135028.0
1438,1438,17136,1438,29491,1468135059.77
1438,1438,17136,1438,29491,1468135091.51
1437,1436,22596,1437,33070,1468135123.3
1437,1436,22596,1437,35471,1468135155.25
1437,1436,22596,1437,35471,1468135187.02
1437,1436,22596,1437,33070,1468135218.78
1437,1436,22596,1437,35471,1468135250.55
1437,1436,22596,1437,33070,1468135282.31
1437,1436,22596,1437,35471,1468135314.06
1437,1436,22596,1437,35471,1468135345.8
1437,1436,22596,1437,35471,1468135377.56
1437,1436,22596,1437,35471,1468135409.73
1437,1436,22596,1437,35471,1468135441.51
1437,1436,22596,1437,35471,1468135473.26
1437,1436,22596,1437,33070,1468135505.04
1437,1436,22596,1437,33070,1468135536.82
1441,1450,27918,1435,42899,1468135568.56
1441,1450,27918,1435,42899,1468135600.4
1437,1436,22596,1437,35471,1468135632.16
1441,1450,27918,1435,42899,1468135663.92
1441,1450,27918,1435,42899,1468135695.83
1437,1436,22596,1437,35471,1468135727.59
1441,1450,27924,1435,45221,1468135759.36
1441,1450,27918,1435,42899,1468135791.24
1441,1450,27924,1435,45221,1468135823.0
1441,1450,27918,1435,42899,1468135854.76
1441,1450,27918,1435,42899,1468135886.52
1441,1450,27918,1435,42899,1468135918.3
1441,1450,27918,1435,42899,1468135950.21
1441,1450,27918,1435,42899,1468135982.22
1441,1450,27924,1435,45221,1468136014.04
1441,1450,27918,1435,42899,1468136045.94
1441,1450,27918,1435,42899,1468136077.84
1441,1450,27924,1435,45221,1468136109.7
1441,1450,27924,1435,45221,1468136141.61
1441,1454,16334,1432,23437,1468136173.38
1441,1454,16334,1432,23437,1468136205.35
1441,1454,16334,1432,23437,1468136237.29
1441,1450,27924,1435,45221,1468136269.07
1441,1450,27924,1435,45221,1468136300.87
1441,1454,16334,1432,23437,1468136332.66
1441,1454,16336,1432,25421,1468136364.46
1441,1454,16334,1432,23437,1468136396.39
1441,1454,16334,1432,23437,1468136428.17
1441,1454,16334,1432,23437,1468136460.09
1441,1454,16334,1432,23437,1468136491.88
1441,1454,16336,1432,25421,1468136523.71
1441,1454,16334,1432,23437,1468136555.56
1441,1454,16334,1432,23437,1468136587.44
1441,1454,16334,1432,23437,1468136619.26
1441,1454,16336,1432,25421,1468136651.04
1441,1454,16334,1432,23437,1468136682.97
1441,1454,16334,1432,23437,1468136714.87
1441,1454,16334,1432,23437,1468136746.66
1439,1450,20495,1431,29383,1468136778.44
1441,1454,16336,1432,25421,1468136810.41
1441,1454,16336,1432,25421,1468136842.18
1439,1450,20495,1431,29383,1468136873.98
1439,1450,20495,1431,29383,1468136905.77
1441,1454,16336,1432,25421,1468136937.56
1439,1450,20495,1431,29383,1468136969.67
1439,1450,20495,1431,29383,1468137001.44
1439,1450,20495,1431,29383,1468137033.24
1439,1450,20495,1431,29383,1468137065.01
1439,1450,20495,1431,29383,1468137096.84
1438,1449,22137,1431,33966,1468137128.62
1439,1450,20495,1431,29383,1468137160.46
1439,1450,20495,1431,29383,1468137192.2
1438,1449,22137,1431,33966,1468137223.96
1438,1449,22137,1431,33966,1468137255.72
1438,1449,22137,1431,33966,1468137287.61
1438,1449,22137,1431,33966,1468137319.38
1438,1447,23879,1431,35908,1468137351.23
1438,1447,23879,1431,35908,1468137383.0
1438,1447,23879,1431,35908,1468137414.92
1438,1447,23879,1431,35908,1468137446.71
1438,1449,22137,1431,33966,1468137478.49
1437,1446,27130,1431,41168,1468137510.27
1438,1447,23879,1431,35908,1468137542.06
1438,1447,23879,1431,35908,1468137574.0
1437,1446,27130,1431,41168,1468137605.81
1437,1446,27130,1431,41168,1468137637.61
1437,1446,27130,1431,41168,1468137669.39
1438,1447,23879,1431,35908,1468137701.29
1438,1447,23879,1431,35908,1468137733.04
1437,1446,27130,1431,41168,1468137764.86
1437,1446,27130,1431,41168,1468137796.99
1437,1446,27130,1431,41168,1468137828.78
1437,1446,27130,1431,41168,1468137860.56
1437,1446,27130,1431,41168,1468137892.29
1437,1446,27130,1431,41168,1468137924.05
1429,1433,10797,1428,23515,1468137955.98
1429,1433,10797,1428,23515,1468137987.9
1429,1433,10797,1428,23515,1468138019.84
1437,1446,27130,1431,41168,1468138051.61
1429,1433,10797,1428,23515,1468138083.34
1429,1433,10797,1428,23515,1468138115.29
1429,1433,10797,1428,23515,1468138147.2
1429,1433,10797,1428,23515,1468138179.03
1429,1433,10797,1428,23515,1468138210.83
1429,1433,10803,1427,25516,1468138242.59
1429,1433,10803,1427,25516,1468138274.37
1429,1433,10803,1427,25516,1468138306.18
1429,1433,10797,1428,23515,1468138337.93
1429,1433,10803,1427,25516,1468138369.83
1429,1433,10803,1427,25516,1468138401.79
1429,1433,10797,1428,23515,1468138433.57
1429,1433,10803,1427,25516,1468138465.49
1429,1433,10797,1428,23515,1468138497.4
1429,1433,10803,1427,25516,1468138529.2
1429,1433,10803,1427,25516,1468138561.13
1429,1433,10803,1427,25516,1468138592.92
1429,1433,10803,1427,25516,1468138624.66
1428,1429,24109,1427,27419,1468138656.42
1429,1433,10803,1427,25516,1468138688.35
1429,1433,10803,1427,25516,1468138720.42
1428,1429,24109,1427,27419,1468138752.2
1428,1429,25070,1427,32158,1468138783.96
1428,1429,24109,1427,27419,1468138815.88
1428,1429,24109,1427,27419,1468138847.81
1428,1429,25070,1427,32158,1468138879.61
1428,1429,25070,1427,32158,1468138911.52
1428,1429,24109,1427,27419,1468138943.3
1428,1429,25070,1427,32158,1468138975.13
1428,1429,25070,1427,32158,1468139007.04
1428,1429,25070,1427,32158,1468139038.82
1428,1429,24109,1427,27419,1468139070.71
1428,1429,25070,1427,32158,1468139102.49
1428,1429,24109,1427,27419,1468139134.33
1428,1429,25070,1427,32158,1468139166.12
1428,1428,32189,1427,35329,1468139197.93
1428,1429,25070,1427,32158,1468139229.87
1428,1429,25070,1427,32158,1468139261.65
1428,1428,32189,1427,35329,1468139293.42
1428,1428,32189,1427,35329,1468139325.23
1428,1428,32189,1427,35329,1468139357.16
1427,1428,36074,1427,37429,1468139388.94
1428,1428,32189,1427,35329,1468139420.71
1427,1428,36074,1427,37429,1468139452.51
1428,1428,32189,1427,35329,1468139484.28
1428,1428,32189,1427,35329,1468139516.18
1427,1428,36074,1427,37429,1468139548.09
1427,1428,36074,1427,37429,1468139580.01
1427,1428,36074,1427,37429,1468139611.81
1427,1428,36074,1427,37429,1468139643.58
1428,1428,32189,1427,35329,1468139675.55
1427,1428,36074,1427,37429,1468139707.33
1428,1428,32189,1427,35329,1468139739.13
1427,1428,36074,1427,37429,1468139771.06
1427,1428,36074,1427,37429,1468139802.97
1425,1426,25279,1424,15070,1468139834.76
1425,1426,25279,1424,15070,1468139866.55
1427,1428,36074,1427,37429,1468139898.46
1425,1426,25279,1424,15070,1468139930.25
1427,1428,36074,1427,37429,1468139962.04
1431,1426,25279,1436,28371,1468139993.83
1425,1426,25279,1424,15070,1468140025.61
1425,1426,25279,1424,15070,1468140057.39
1431,1426,25279,1436,28371,1468140089.2
1425,1426,25279,1424,15070,1468140120.98
1431,1426,25279,1436,28371,1468140152.79
1431,1426,25279,1436,28371,1468140184.82
1425,1426,25279,1424,15070,1468140216.75
1425,1426,25279,1424,15070,1468140248.57
1431,1426,25279,1436,28371,1468140280.41
1425,1426,25279,1424,15070,1468140312.21
1431,1426,25279,1436,28371,1468140344.19
1431,1426,25279,1436,28371,1468140375.97
1431,1427,27284,1435,30489,1468140407.75
1431,1427,27284,1435,30489,1468140439.67
1431,1427,27284,1435,30489,1468140471.58
1431,1426,25279,1436,28371,1468140503.38
1431,1426,25279,1436,28371,1468140535.28
1431,1427,27284,1435,30489,1468140567.19
1432,1431,39689,1435,32626,1468140598.96
1431,1427,27284,1435,30489,1468140630.98
1431,1427,27284,1435,30489,1468140662.76
1432,1431,39689,1435,32626,1468140694.62
1432,1431,39689,1435,32626,1468140726.4
1431,1427,27284,1435,30489,1468140758.17
1432,1431,39689,1435,32626,1468140790.17
1431,1427,27284,1435,30489,1468140822.0
1431,1427,27284,1435,30489,1468140853.8
1432,1431,39689,1435,32626,1468140885.57
1432,1430,42209,1433,42999,1468140918.87
1432,1430,42209,1433,42999,1468140950.93
1432,1431,39689,1435,32626,1468140982.69
1432,1431,39689,1435,32626,1468141014.47
1432,1430,42209,1433,42999,1468141046.25
1432,1431,39689,1435,32626,1468141078.18
1432,1430,42411,1433,45261,1468141110.03
1432,1430,42411,1433,45261,1468141141.79
1432,1430,42209,1433,42999,1468141173.62
1432,1430,42209,1433,42999,1468141205.44
1432,1430,42209,1433,42999,1468141237.22
1432,1430,42209,1433,42999,1468141269.03
1432,1430,42411,1433,45261,1468141300.83
1432,1430,42209,1433,42999,1468141332.77
1432,1430,42209,1433,42999,1468141364.85
1432,1430,42411,1433,45261,1468141396.65
1432,1430,42411,1433,45261,1468141428.45
1432,1430,42209,1433,42999,1468141460.22
1432,1430,42209,1433,42999,1468141492.0
1432,1430,42411,1433,45261,1468141524.07
1436,1436,17497,1436,34010,1468141555.88
1432,1430,42411,1433,45261,1468141587.78
1436,1436,17497,1436,34010,1468141619.63
1432,1430,42411,1433,45261,1468141651.39
1432,1430,42411,1433,45261,1468141683.18
1435,1436,17500,1434,40255,1468141715.01
1435,1436,17500,1434,40255,1468141747.79
1436,1436,17497,1436,34010,1468141779.59
1436,1436,17497,1436,34010,1468141811.53
1435,1436,17500,1434,40255,1468141843.61
1435,1436,17500,1434,40255,1468141875.39
1436,1436,17497,1436,34010,1468141907.51
1435,1436,17500,1434,40255,1468141939.32
1435,1436,17500,1434,40255,1468141971.14
1435,1436,17500,1434,40255,1468142002.92
1435,1436,17500,1434,40255,1468142034.72
1436,1436,17497,1436,34010,1468142066.77
1435,1436,17500,1434,40255,1468142098.57
1435,1436,17500,1434,40255,1468142130.35
1435,1436,17500,1434,40255,1468142162.11
1435,1436,17500,1434,40255,1468142193.92
1433,1435,21336,1433,52290,1468142225.84
1435,1436,17500,1434,40255,1468142257.63
1433,1435,21336,1433,52290,1468142289.44
1433,1434,24738,1432,54951,1468142321.37
1433,1435,21336,1433,52290,1468142353.15
1433,1434,24738,1432,54951,1468142385.09
1433,1435,21336,1433,52290,1468142416.89
1433,1435,21336,1433,52290,1468142448.69
1433,1435,21336,1433,52290,1468142480.47
1433,1435,21336,1433,52290,1468142512.26
1433,1434,24738,1432,54951,1468142544.06
1433,1434,24738,1432,54951,1468142575.88
1433,1434,24738,1432,54951,1468142607.69
1433,1434,24738,1432,54951,1468142639.65
1433,1435,21336,1433,52290,1468142671.49
1433,1434,24738,1432,54951,1468142704.44
1433,1434,24738,1432,54951,1468142736.25
1432,1434,25041,1431,63856,1468142768.14
1433,1434,24738,1432,54951,1468142800.11
1433,1434,24738,1432,54951,1468142832.18
1433,1434,24738,1432,54951,1468142864.01
1433,1434,24738,1432,54951,1468142895.8
1432,1434,25145,1431,64908,1468142927.6
1432,1434,25145,1431,64908,1468142959.38
1432,1434,25041,1431,63856,1468142991.18
1432,1434,25041,1431,63856,1468143022.97
1432,1434,25041,1431,63856,1468143054.91
1432,1434,25145,1431,64908,1468143086.81
1432,1434,25041,1431,63856,1468143118.6
1432,1434,25041,1431,63856,1468143150.44
1432,1434,25145,1431,64908,1468143182.38
1432,1434,25041,1431,63856,1468143214.21
1432,1434,25041,1431,63856,1468143245.98
1432,1434,25041,1431,63856,1468143277.77
1432,1434,25041,1431,63856,1468143309.72
1432,1434,25041,1431,63856,1468143341.53
1426,1428,10803,1425,43342,1468143373.35
1426,1428,10803,1425,43342,1468143405.32
1432,1434,25145,1431,64908,1468143437.25
1426,1428,10803,1425,43342,1468143469.05
1432,1434,25145,1431,64908,1468143500.9
1426,1428,10804,1425,43569,1468143532.71
1426,1428,10804,1425,43569,1468143564.5
1426,1428,10804,1425,43569,1468143596.29
1426,1428,10804,1425,43569,1468143628.08
1426,1428,10804,1425,43569,1468143660.17
1426,1428,10804,1425,43569,1468143692.8
1426,1428,10804,1425,43569,1468143725.06
1426,1428,10804,1425,43569,1468143757.01
1426,1428,10804,1425,43569,1468143789.0
1426,1428,10803,1425,43342,1468143820.83
1426,1428,10804,1425,43569,1468143852.64
1426,1428,10804,1425,43569,1468143884.46
1426,1428,10804,1425,43569,1468143916.27
1426,1428,10804,1425,43569,1468143948.11
1426,1428,10804,1425,43569,1468143979.98
1426,1428,10804,1425,43569,1468144011.81
1426,1428,10804,1425,43569,1468144043.82
1426,1428,10804,1425,43569,1468144075.64
1425,1427,17103,1424,59142,1468144107.47
1425,1426,26739,1424,62676,1468144139.43
1425,1427,17103,1424,59142,1468144171.26
1425,1427,17103,1424,59142,1468144203.23
1425,1427,17103,1424,59142,1468144235.21
1425,1426,26739,1424,62676,1468144267.01
1425,1427,17103,1424,59142,1468144298.98
1425,1426,26739,1424,62676,1468144330.78
1425,1427,17103,1424,59142,1468144362.74
1425,1427,17103,1424,59142,1468144394.58
1425,1426,26739,1424,62676,1468144426.56
1425,1426,26739,1424,62676,1468144458.4
1425,1426,26739,1424,62676,1468144490.23
1425,1426,26739,1424,62676,1468144522.15
1425,1426,26739,1424,62676,1468144553.99
1425,1426,26739,1424,62676,1468144585.93
1425,1426,36070,1425,69148,1468144617.75
1425,1426,26739,1424,62676,1468144649.71
1425,1426,36070,1425,69148,1468144681.53
1425,1426,36070,1425,69148,1468144713.55
1425,1426,39270,1425,71390,1468144745.48
1425,1426,39270,1425,71390,1468144777.34
1425,1426,36070,1425,69148,1468144810.15
1425,1426,36070,1425,69148,1468144841.96
1425,1426,36070,1425,69148,1468144873.75
1425,1426,39270,1425,71390,1468144905.72
1425,1426,36070,1425,69148,1468144937.52
1425,1426,39270,1425,71390,1468144969.36
1425,1426,36070,1425,69148,1468145001.18
1425,1426,36070,1425,69148,1468145033.27
1425,1426,39270,1425,71390,1468145065.08
1425,1426,39270,1425,71390,1468145096.89
1425,1426,36070,1425,69148,1468145128.91
1425,1426,39270,1425,71390,1468145160.88
1425,1425,31352,1424,37936,1468145192.69
1425,1425,31352,1424,37936,1468145224.53
1425,1425,31352,1424,37936,1468145256.36
1425,1425,31352,1424,37936,1468145288.45
1425,1425,31352,1424,37936,1468145320.3
1425,1425,31352,1424,37936,1468145352.24
1425,1425,31352,1424,37936,1468145384.07
1424,1425,31352,1424,39996,1468145415.88
1424,1425,31352,1424,39996,1468145447.68
1424,1425,31352,1424,39996,1468145479.54
1424,1425,31352,1424,39996,1468145511.38
1425,1425,31352,1424,37936,1468145543.47
1425,1425,31352,1424,37936,1468145575.35
1425,1425,31352,1424,37936,1468145607.18
1425,1425,31352,1424,37936,1468145638.97
1424,1425,31352,1424,39996,1468145670.88
1424,1425,31352,1424,39996,1468145702.71
1425,1425,31352,1424,37936,1468145734.59
1425,1425,31352,1424,37936,1468145766.43
1424,1425,31352,1424,39996,1468145798.28
1424,1425,31352,1424,39996,1468145830.1
1424,1425,31352,1424,39996,1468145862.07
1424,1425,31352,1424,39996,1468145893.91
1425,1426,42967,1424,46762,1468145925.76
1424,1425,31352,1424,39996,1468145957.93
1424,1426,43633,1424,48126,1468145989.75
1424,1426,43633,1424,48126,1468146021.71
1424,1426,43633,1424,48126,1468146053.69
1425,1426,42967,1424,46762,1468146085.64
1424,1426,43633,1424,48126,1468146117.6
1424,1426,43633,1424,48126,1468146149.9
1425,1426,42967,1424,46762,1468146181.88
1424,1426,43633,1424,48126,1468146213.85
1425,1426,42967,1424,46762,1468146245.67
1425,1426,42967,1424,46762,1468146277.64
1425,1426,42967,1424,46762,1468146309.49
1425,1426,42967,1424,46762,1468146341.36
1425,1426,42967,1424,46762,1468146373.35
1425,1425,63371,1424,54712,1468146405.33
1424,1426,43633,1424,48126,1468146437.28
1424,1426,43633,1424,48126,1468146469.22
1424,1426,43633,1424,48126,1468146501.02
1424,1426,43633,1424,48126,1468146532.84
1424,1426,43633,1424,48126,1468146565.09
1425,1426,65873,1424,57988,1468146597.31
1425,1426,65873,1424,57988,1468146629.25
1425,1426,65873,1424,57988,1468146661.21
1425,1425,63371,1424,54712,1468146693.18
1425,1425,63371,1424,54712,1468146724.98
1425,1425,63371,1424,54712,1468146756.95
1425,1425,63371,1424,54712,1468146788.93
1425,1426,65873,1424,57988,1468146820.92
1425,1425,63371,1424,54712,1468146853.0
1425,1426,65873,1424,57988,1468146885.03
1425,1426,65873,1424,57988,1468146917.0
1425,1426,65873,1424,57988,1468146948.98
1425,1426,65873,1424,57988,1468146981.07
1424,1425,42098,1423,32241,1468147013.02
1425,1426,65873,1424,57988,1468147044.82
1425,1426,65873,1424,57988,1468147076.8
1425,1426,65873,1424,57988,1468147108.62
1425,1426,65873,1424,57988,1468147140.42
1425,1426,65873,1424,57988,1468147172.28
1424,1425,42098,1423,32241,1468147204.19
1424,1425,55411,1423,33936,1468147236.02
1424,1425,55411,1423,33936,1468147268.11
1424,1425,42098,1423,32241,1468147299.95
1424,1425,42098,1423,32241,1468147331.79
1424,1425,42098,1423,32241,1468147363.77
1424,1425,55411,1423,33936,1468147395.77
1424,1425,42098,1423,32241,1468147427.58
1424,1425,42098,1423,32241,1468147459.4
1424,1425,42098,1423,32241,1468147491.23
1424,1425,55411,1423,33936,1468147523.31
1424,1425,42098,1423,32241,1468147555.58
1424,1425,42098,1423,32241,1468147587.54
1419,1415,57721,1423,40366,1468147619.34
1424,1425,55411,1423,33936,1468147651.48
1419,1415,57721,1423,40366,1468147683.29
1424,1425,55411,1423,33936,1468147715.27
1424,1425,55411,1423,33936,1468147747.08
1424,1425,55411,1423,33936,1468147778.88
1419,1415,57721,1423,40366,1468147811.1
1419,1415,57721,1423,40366,1468147842.91
1419,1416,62114,1423,48941,1468147874.7
1419,1415,57721,1423,40366,1468147906.51
1419,1416,62114,1423,48941,1468147938.44
1419,1416,62114,1423,48941,1468147970.37
1419,1415,57721,1423,40366,1468148002.15
1419,1415,57721,1423,40366,1468148034.01
1419,1416,62114,1423,48941,1468148065.83
1419,1415,57721,1423,40366,1468148097.77
1421,1416,62115,1427,55141,1468148129.81
1421,1416,62115,1427,55141,1468148161.65
1421,1416,62115,1427,55141,1468148193.59
1421,1416,62115,1427,55141,1468148225.55
1421,1416,62115,1427,55141,1468148257.61
1421,1416,62115,1427,55141,1468148289.7
1421,1416,62115,1427,55141,1468148321.56
1421,1416,62229,1427,59638,1468148353.35
1421,1416,62229,1427,59638,1468148385.15
1421,1416,62115,1427,55141,1468148416.98
1421,1416,62229,1427,59638,1468148448.82
1421,1416,62229,1427,59638,1468148480.64
1421,1416,62229,1427,59638,1468148512.44
1421,1416,62115,1427,55141,1468148544.27
1421,1416,62229,1427,59638,1468148576.19
1421,1416,62115,1427,55141,1468148608.01
1421,1416,62115,1427,55141,1468148639.82
1421,1416,62229,1427,59638,1468148671.8
1421,1416,62115,1427,55141,1468148703.61
1419,1406,32408,1428,46702,1468148735.49
1421,1416,62229,1427,59638,1468148767.3
1421,1416,62229,1427,59638,1468148799.11
1421,1416,62229,1427,59638,1468148831.1
1421,1416,62229,1427,59638,1468148863.26
1421,1416,62229,1427,59638,1468148895.09
1421,1416,62229,1427,59638,1468148926.88
1419,1406,32408,1428,46702,1468148958.68
1419,1407,33408,1427,55655,1468148990.79
1419,1407,33408,1427,55655,1468149022.73
1419,1407,33408,1427,55655,1468149054.57
1419,1407,33408,1427,55655,1468149086.56
1419,1407,33408,1427,55655,1468149118.5
1419,1407,33408,1427,55655,1468149150.31
1419,1406,32408,1428,46702,1468149182.09
1419,1407,33408,1427,55655,1468149214.19
1419,1407,33408,1427,55655,1468149247.0
1419,1407,33408,1427,55655,1468149278.87
1419,1406,32408,1428,46702,1468149310.69
1419,1407,33408,1427,55655,1468149342.66
1419,1407,33408,1427,55655,1468149374.44
1420,1410,39970,1426,63498,1468149406.41
1420,1410,39970,1426,63498,1468149438.36
1419,1407,33408,1427,55655,1468149470.21
1420,1410,39970,1426,63498,1468149502.21
1419,1407,33408,1427,55655,1468149534.18
1420,1410,39970,1426,63498,1468149566.0
1420,1410,39970,1426,63498,1468149598.09
1420,1410,39971,1426,64635,1468149629.89
1420,1410,39970,1426,63498,1468149661.95
1420,1410,39970,1426,63498,1468149693.76
1420,1410,39971,1426,64635,1468149725.8
1420,1410,39971,1426,64635,1468149757.8
1420,1410,39970,1426,63498,1468149789.73
1420,1410,39970,1426,63498,1468149821.52
1420,1410,39970,1426,63498,1468149853.35
1420,1410,39971,1426,64635,1468149885.28
1420,1410,39971,1426,64635,1468149917.22
1420,1410,39970,1426,63498,1468149949.05
1420,1410,39971,1426,64635,1468149980.87
1420,1410,39971,1426,64635,1468150012.66
1420,1410,39971,1426,64635,1468150044.46
1420,1410,39971,1426,64635,1468150076.41
1420,1410,42118,1426,68524,1468150108.35
1420,1410,39971,1426,64635,1468150140.36
1420,1411,44001,1426,70012,1468150172.18
1420,1410,42118,1426,68524,1468150204.02
1420,1411,44001,1426,70012,1468150236.12
1420,1411,44001,1426,70012,1468150267.97
1420,1411,44001,1426,70012,1468150300.79
1420,1410,42118,1426,68524,1468150332.92
1420,1410,42118,1426,68524,1468150365.01
1420,1410,42118,1426,68524,1468150397.21
1420,1410,42118,1426,68524,1468150429.17
1420,1411,44001,1426,70012,1468150460.97
1420,1411,44001,1426,70012,1468150492.77
1420,1411,44001,1426,70012,1468150524.6
1420,1411,44001,1426,70012,1468150556.43
1420,1411,44001,1426,70012,1468150588.23
1420,1410,42118,1426,68524,1468150620.01
1420,1411,44001,1426,70012,1468150651.95
1420,1411,44001,1426,70012,1468150683.73
1420,1411,44001,1426,70012,1468150715.56
1420,1411,44001,1426,70012,1468150747.5
1422,1424,21692,1422,38624,1468150779.31
1422,1424,21135,1422,38015,1468150811.14
1422,1424,21692,1422,38624,1468150842.94
1422,1424,21135,1422,38015,1468150875.03
1422,1424,21135,1422,38015,1468150906.82
1422,1424,21692,1422,38624,1468150938.62
1422,1424,21135,1422,38015,1468150970.4
1422,1424,21692,1422,38624,1468151002.53
1422,1424,21135,1422,38015,1468151034.45
1422,1424,21692,1422,38624,1468151066.26
1422,1424,21692,1422,38624,1468151098.06
1422,1424,21692,1422,38624,1468151130.19
1422,1424,21135,1422,38015,1468151162.16
1422,1424,21692,1422,38624,1468151194.28
1422,1424,21135,1422,38015,1468151226.13
1422,1424,21692,1422,38624,1468151257.96
1422,1424,21692,1422,38624,1468151290.71
1423,1423,29886,1422,46333,1468151322.51
1422,1424,21692,1422,38624,1468151354.37
1423,1423,29886,1422,46333,1468151386.46
1423,1423,29886,1422,46333,1468151418.39
1423,1423,29886,1422,46333,1468151450.15
1423,1423,29887,1422,50234,1468151482.11
1423,1423,29887,1422,50234,1468151513.91
1423,1423,29886,1422,46333,1468151545.71
1423,1423,29886,1422,46333,1468151577.53
1423,1423,29887,1422,50234,1468151609.35
1423,1423,29887,1422,50234,1468151641.33
1423,1423,29886,1422,46333,1468151673.42
1423,1423,29886,1422,46333,1468151705.34
1422,1423,33689,1422,52664,1468151737.28
1423,1423,29887,1422,50234,1468151769.11
1422,1423,33689,1422,52664,1468151800.9
1422,1423,33689,1422,52664,1468151832.85
1422,1423,33689,1422,52664,1468151864.96
1423,1423,29887,1422,50234,1468151896.76
1422,1423,34523,1422,53606,1468151928.88
1422,1423,33689,1422,52664,1468151960.83
1422,1423,33689,1422,52664,1468151992.62
1422,1423,34523,1422,53606,1468152024.44
1422,1423,34523,1422,53606,1468152056.26
1422,1423,34523,1422,53606,1468152088.19
1422,1423,33689,1422,52664,1468152120.17
1422,1423,33689,1422,52664,1468152152.01
1422,1423,34523,1422,53606,1468152183.97
1422,1423,34523,1422,53606,1468152216.23
1422,1423,33689,1422,52664,1468152248.3
1422,1423,33689,1422,52664,1468152280.27
1422,1423,34523,1422,53606,1468152312.08
1422,1422,22128,1422,26194,1468152343.87
1422,1422,22128,1422,26194,1468152375.71
1422,1422,22128,1422,26194,1468152407.66
1422,1422,22128,1422,26194,1468152439.66
1422,1423,34523,1422,53606,1468152471.45
1422,1423,34523,1422,53606,1468152503.23
1422,1422,22128,1422,26194,1468152535.17
1422,1422,27346,1422,30265,1468152566.98
1422,1422,27346,1422,30265,1468152598.8
1422,1422,27346,1422,30265,1468152630.99
1422,1422,27346,1422,30265,1468152663.08
1422,1422,22128,1422,26194,1468152695.09
1422,1422,22128,1422,26194,1468152726.92
1422,1422,22128,1422,26194,1468152758.89
1422,1422,27346,1422,30265,1468152790.83
1422,1422,27346,1422,30265,1468152822.64
1422,1422,27346,1422,30265,1468152854.45
1422,1422,22128,1422,26194,1468152886.28
1422,1422,22128,1422,26194,1468152918.08
1422,1421,29339,1422,33511,1468152949.9
1422,1422,27346,1422,30265,1468152982.0
1422,1422,27346,1422,30265,1468153013.93
1422,1421,29339,1422,33511,1468153045.77
1422,1421,29339,1422,33511,1468153077.81
1422,1421,29339,1422,33511,1468153109.62
1422,1422,27346,1422,30265,1468153141.42
1422,1421,29343,1422,34359,1468153173.24
1422,1421,29339,1422,33511,1468153205.06
1422,1421,29343,1422,34359,1468153237.06
1422,1421,29339,1422,33511,1468153269.03
1422,1421,29339,1422,33511,1468153300.99
1422,1421,29339,1422,33511,1468153332.94
1422,1421,29343,1422,34359,1468153364.74
1422,1421,29339,1422,33511,1468153396.55
1422,1421,29339,1422,33511,1468153428.48
1422,1421,29343,1422,34359,1468153460.31
1422,1421,29339,1422,33511,1468153492.14
1422,1421,29339,1422,33511,1468153524.09
1418,1421,41633,1414,40924,1468153555.91
1422,1421,29343,1422,34359,1468153588.13
1418,1421,41633,1414,40924,1468153619.94
1422,1421,29343,1422,34359,1468153651.89
1422,1421,29343,1422,34359,1468153683.87
1418,1421,41633,1414,40924,1468153715.7
1418,1421,41633,1414,40924,1468153747.53
1418,1421,56645,1415,49415,1468153779.47
1418,1421,56645,1415,49415,1468153811.29
1418,1421,56645,1415,49415,1468153843.36
1418,1421,41633,1414,40924,1468153875.36
1418,1421,56645,1415,49415,1468153907.31
1418,1421,56645,1415,49415,1468153939.11
1418,1421,41633,1414,40924,1468153971.19
1418,1421,56645,1415,49415,1468154003.04
1418,1421,41633,1414,40924,1468154034.97
1418,1421,56645,1415,49415,1468154066.78
1418,1421,56645,1415,49415,1468154098.62
1418,1421,56645,1415,49415,1468154130.68
1418,1421,56645,1415,49415,1468154162.53
1418,1421,56645,1415,49415,1468154194.39
1418,1421,56645,1415,49415,1468154226.25
1417,1421,54035,1411,34597,1468154258.37
1417,1421,54035,1411,34597,1468154290.44
1418,1421,56645,1415,49415,1468154322.27
1417,1421,54035,1411,34597,1468154354.22
1417,1421,54035,1411,34597,1468154386.04
1417,1421,54035,1411,34597,1468154418.02
1417,1421,54035,1411,34597,1468154449.99
1417,1421,54035,1411,34597,1468154482.03
1417,1421,54629,1412,37102,1468154514.01
1417,1421,54629,1412,37102,1468154545.98
1417,1421,54035,1411,34597,1468154578.08
1417,1421,54035,1411,34597,1468154610.1
1417,1421,54035,1411,34597,1468154642.2
1417,1421,54629,1412,37102,1468154674.23
1417,1421,54035,1411,34597,1468154706.13
1417,1421,54629,1412,37102,1468154738.19
1419,1422,66688,1414,43808,1468154770.15
1417,1421,54629,1412,37102,1468154802.28
1417,1421,54629,1412,37102,1468154834.07
1417,1421,54629,1412,37102,1468154866.04
1417,1421,54629,1412,37102,1468154898.03
1419,1422,66688,1414,43808,1468154929.84
1417,1421,54629,1412,37102,1468154961.66
1419,1422,66688,1414,43808,1468154993.64
1419,1422,66688,1414,43808,1468155025.47
1419,1422,66688,1414,43808,1468155057.43
1419,1422,66688,1414,43808,1468155089.23
1419,1422,82235,1415,45691,1468155121.18
1419,1422,82235,1415,45691,1468155153.34
1419,1422,66688,1414,43808,1468155185.34
1419,1422,66688,1414,43808,1468155217.34
1419,1422,82235,1415,45691,1468155249.42
1419,1422,82235,1415,45691,1468155281.28
1418,1419,88438,1415,51375,1468155343.58
1419,1422,82235,1415,45691,1468155375.41
1419,1422,82235,1415,45691,1468155407.38
1419,1422,82235,1415,45691,1468155439.37
1418,1419,88438,1415,51375,1468155471.17
1418,1419,88438,1415,51375,1468155534.26
1418,1419,88438,1415,51375,1468155566.31
1418,1419,88439,1415,51924,1468155598.42
1418,1419,88438,1415,51375,1468155630.26
1418,1419,88439,1415,51924,1468155662.21
1418,1419,88439,1415,51924,1468155694.2
1418,1419,88438,1415,51375,1468155726.04
1418,1419,88438,1415,51375,1468155758.05
1418,1419,88438,1415,51375,1468155789.87
1418,1419,88439,1415,51924,1468155821.9
1418,1419,88439,1415,51924,1468155853.72
1418,1419,88439,1415,51924,1468155885.56
1418,1419,88438,1415,51375,1468155917.49
1420,1419,53650,1422,29146,1468155949.47
1420,1419,53650,1422,29146,1468155981.33
1418,1419,88439,1415,51924,1468156013.15
1420,1419,53650,1422,29146,1468156044.96
1418,1419,88439,1415,51924,1468156076.89
1420,1419,53650,1422,29146,1468156108.72
1420,1419,53650,1422,29146,1468156140.69
1420,1419,53650,1422,29146,1468156172.69
1420,1419,53990,1422,31104,1468156204.56
1420,1419,53990,1422,31104,1468156236.4
1420,1419,53650,1422,29146,1468156268.49
1420,1419,53650,1422,29146,1468156300.55
1420,1419,53650,1422,29146,1468156332.52
1420,1419,53990,1422,31104,1468156364.34
1420,1419,53990,1422,31104,1468156396.3
1420,1419,53990,1422,31104,1468156428.14
1420,1419,53650,1422,29146,1468156459.97
1420,1419,53990,1422,31104,1468156492.1
1420,1419,53650,1422,29146,1468156523.93
1420,1419,53990,1422,31104,1468156555.99
1420,1419,53990,1422,31104,1468156587.83
1420,1419,53990,1422,31104,1468156619.99
1420,1419,53990,1422,31104,1468156652.11
1420,1419,53990,1422,31104,1468156683.95
1420,1419,66021,1422,45984,1468156716.31
1420,1419,53990,1422,31104,1468156748.29
1420,1419,66422,1422,47087,1468156780.12
1420,1419,66021,1422,45984,1468156811.91
1420,1419,66422,1422,47087,1468156843.88
1420,1419,66422,1422,47087,1468156875.82
1420,1419,66422,1422,47087,1468156907.82
1420,1419,66422,1422,47087,1468156939.92
1420,1419,66422,1422,47087,1468156971.73
1420,1419,66422,1422,47087,1468157003.57
1420,1419,66422,1422,47087,1468157035.52
1420,1419,66422,1422,47087,1468157067.37
1420,1419,66021,1422,45984,1468157099.46
1420,1419,66422,1422,47087,1468157131.28
1420,1419,66422,1422,47087,1468157163.1
1420,1419,66422,1422,47087,1468157195.0
1420,1419,66629,1422,51622,1468157227.09
1420,1419,66422,1422,47087,1468157259.21
1420,1419,66422,1422,47087,1468157291.23
1420,1419,66629,1422,51622,1468157323.09
1420,1419,66629,1422,51622,1468157355.16
1420,1419,66629,1422,51622,1468157386.98
1420,1419,66630,1422,52342,1468157418.91
1420,1419,66629,1422,51622,1468157451.03
1420,1419,66630,1422,52342,1468157482.85
1420,1419,66630,1422,52342,1468157514.7
1420,1419,66629,1422,51622,1468157546.54
1420,1419,66630,1422,52342,1468157578.37
1420,1419,66630,1422,52342,1468157610.37
1420,1419,66629,1422,51622,1468157642.2
1420,1419,66630,1422,52342,1468157674.33
1420,1419,66630,1422,52342,1468157706.19
1420,1419,66629,1422,51622,1468157738.03
1420,1419,66629,1422,51622,1468157770.0
1420,1419,66629,1422,51622,1468157801.98
1421,1421,15135,1421,34741,1468157834.06
1421,1421,15135,1421,34741,1468157866.19
1421,1421,15135,1421,34741,1468157898.0
1421,1421,15135,1421,34741,1468157930.01
1420,1419,66630,1422,52342,1468157961.99
1420,1419,66630,1422,52342,1468157993.85
1421,1421,15135,1421,34741,1468158025.82
1421,1421,15135,1421,34741,1468158057.67
1421,1422,20885,1421,36655,1468158089.63
1421,1421,15135,1421,34741,1468158121.74
1421,1421,15135,1421,34741,1468158153.58
1421,1422,20885,1421,36655,1468158185.44
1421,1422,20885,1421,36655,1468158217.55
1421,1422,20885,1421,36655,1468158249.52
1421,1421,15135,1421,34741,1468158281.49
1421,1421,15135,1421,34741,1468158313.45
1421,1421,15135,1421,34741,1468158345.64
1421,1422,20885,1421,36655,1468158377.48
1421,1421,15135,1421,34741,1468158409.64
1421,1422,20885,1421,36655,1468158441.48
1422,1424,29549,1421,40591,1468158473.3
1421,1422,20885,1421,36655,1468158505.41
1422,1424,29549,1421,40591,1468158537.5
1422,1424,29549,1421,40591,1468158569.62
1421,1422,20885,1421,36655,1468158601.87
1422,1424,29549,1421,40591,1468158633.72
1422,1424,32145,1421,44310,1468158665.68
1422,1424,29549,1421,40591,1468158697.66
1422,1424,29549,1421,40591,1468158729.64
1422,1424,32145,1421,44310,1468158761.44
1422,1424,32145,1421,44310,1468158793.4
1422,1424,32145,1421,44310,1468158825.48
1422,1424,29549,1421,40591,1468158857.45
1422,1424,29549,1421,40591,1468158889.45
1422,1424,32145,1421,44310,1468158956.84
1422,1424,32145,1421,44310,1468159018.11
1422,1424,32145,1421,44310,1468159050.12
1423,1424,37006,1422,49332,1468159082.23
1423,1424,37009,1422,50252,1468159115.05
1423,1424,37009,1422,50252,1468159146.9
1423,1424,37009,1422,50252,1468159178.9
1423,1424,37009,1422,50252,1468159211.01
1423,1424,37006,1422,49332,1468159242.84
1423,1424,37009,1422,50252,1468159274.96
1423,1424,37009,1422,50252,1468159306.8
1423,1424,37006,1422,49332,1468159338.81
1423,1424,37006,1422,49332,1468159370.64
1423,1424,37009,1422,50252,1468159402.51
1423,1424,37009,1422,50252,1468159434.49
1423,1424,37009,1422,50252,1468159466.65
1423,1424,37009,1422,50252,1468159499.45
1423,1424,37006,1422,49332,1468159531.76
1427,1428,28556,1425,25813,1468159564.46
1423,1424,37009,1422,50252,1468159597.71
1427,1428,28556,1425,25813,1468159630.71
1427,1428,28556,1425,25813,1468159662.7
1423,1424,37009,1422,50252,1468159694.54
1426,1428,29861,1425,26818,1468159726.53
1427,1428,28556,1425,25813,1468159758.52
1426,1428,29861,1425,26818,1468159790.33
1426,1428,29861,1425,26818,1468159822.13
1426,1428,29861,1425,26818,1468159854.11
1427,1428,28556,1425,25813,1468159885.95
1427,1428,28556,1425,25813,1468159918.24
1426,1428,29861,1425,26818,1468159950.13
1427,1428,28556,1425,25813,1468159982.1
1426,1428,29861,1425,26818,1468160014.1
1426,1428,29861,1425,26818,1468160046.07
1426,1428,29861,1425,26818,1468160078.04
1427,1428,28556,1425,25813,1468160109.85
1426,1428,29861,1425,26818,1468160141.71
1426,1428,29861,1425,26818,1468160173.69
1427,1428,44158,1425,37694,1468160205.82
1426,1428,29861,1425,26818,1468160237.67
1426,1428,29861,1425,26818,1468160269.64
1426,1428,29861,1425,26818,1468160301.76
1427,1428,44158,1425,37694,1468160333.87
1427,1428,44184,1425,37936,1468160365.7
1427,1428,44184,1425,37936,1468160397.67
1427,1428,44184,1425,37936,1468160429.64
1427,1428,44158,1425,37694,1468160461.61
1427,1428,44158,1425,37694,1468160493.45
1427,1428,44158,1425,37694,1468160525.29
1427,1428,44184,1425,37936,1468160557.3
1427,1428,44184,1425,37936,1468160589.17
1427,1428,44184,1425,37936,1468160621.17
1427,1428,44184,1425,37936,1468160653.16
1427,1428,44158,1425,37694,1468160685.05
1427,1428,44158,1425,37694,1468160717.24
1427,1428,44184,1425,37936,1468160749.08
1427,1428,44184,1425,37936,1468160780.93
1426,1428,51168,1425,41973,1468160813.05
1427,1428,44184,1425,37936,1468160845.06
1426,1428,51168,1425,41973,1468160876.91
1426,1428,51168,1425,41973,1468160908.82
1426,1428,51168,1425,41973,1468160940.83
1426,1428,51168,1425,41973,1468160972.82
1426,1428,51168,1425,41973,1468161004.7
1426,1428,52339,1425,47663,1468161036.66
1426,1428,52339,1425,47663,1468161068.72
1426,1428,51168,1425,41973,1468161100.61
1426,1428,51168,1425,41973,1468161132.47
1426,1428,52339,1425,47663,1468161164.48
1426,1428,52339,1425,47663,1468161196.62
1426,1428,51168,1425,41973,1468161228.61
1426,1428,52339,1425,47663,1468161260.5
1426,1428,51168,1425,41973,1468161292.52
1426,1428,52339,1425,47663,1468161324.46
1426,1428,51168,1425,41973,1468161356.28
1426,1428,52339,1425,47663,1468161388.13
1427,1427,28423,1427,40406,1468161420.14
1427,1427,28423,1427,40406,1468161452.29
1427,1427,28423,1427,40406,1468161484.14
1426,1428,52339,1425,47663,1468161516.01
1426,1428,52339,1425,47663,1468161547.89
1427,1427,28423,1427,40406,1468161580.04
1427,1427,28423,1427,40406,1468161611.9
1426,1426,37444,1425,56282,1468161643.91
1427,1427,28423,1427,40406,1468161675.89
1427,1427,28423,1427,40406,1468161707.89
1427,1427,28423,1427,40406,1468161740.02
1427,1427,28423,1427,40406,1468161771.98
1427,1427,28423,1427,40406,1468161803.98
1427,1427,28423,1427,40406,1468161836.01
1426,1426,37444,1425,56282,1468161868.04
1426,1426,37444,1425,56282,1468161899.94
1426,1426,37444,1425,56282,1468161931.81
1427,1427,28423,1427,40406,1468161963.99
1426,1426,37444,1425,56282,1468161996.89
1425,1425,68130,1425,59712,1468162028.74
1426,1426,37444,1425,56282,1468162060.63
1425,1425,68130,1425,59712,1468162092.62
1426,1426,37444,1425,56282,1468162124.52
1426,1426,37444,1425,56282,1468162156.39
1426,1426,37444,1425,56282,1468162188.25
1425,1425,68130,1425,59712,1468162220.16
1425,1425,68580,1425,60721,1468162252.03
1425,1425,68580,1425,60721,1468162283.9
1425,1425,68580,1425,60721,1468162315.88
1425,1425,68580,1425,60721,1468162347.91
1425,1425,68580,1425,60721,1468162379.89
1425,1425,68130,1425,59712,1468162412.08
1425,1425,68130,1425,59712,1468162443.94
1425,1425,68580,1425,60721,1468162477.32
1425,1425,68130,1425,59712,1468162509.33
1425,1425,75612,1425,61746,1468162541.37
1425,1425,75612,1425,61746,1468162573.25
1425,1425,75612,1425,61746,1468162605.14
1425,1425,75612,1425,61746,1468162637.0
1425,1425,68580,1425,60721,1468162668.88
1425,1425,68580,1425,60721,1468162700.75
1425,1425,75615,1425,62260,1468162732.63
1425,1425,75615,1425,62260,1468162764.53
1425,1425,75612,1425,61746,1468162796.53
1425,1425,75612,1425,61746,1468162828.39
1425,1425,75612,1425,61746,1468162860.3
1425,1425,75612,1425,61746,1468162892.31
1425,1425,75615,1425,62260,1468162924.32
1425,1425,75612,1425,61746,1468162956.22
1425,1425,75612,1425,61746,1468162988.22
1425,1425,75615,1425,62260,1468163020.29
1425,1425,75612,1425,61746,1468163052.17
1425,1425,75612,1425,61746,1468163084.05
1425,1425,75615,1425,62260,1468163115.95
1426,1426,61525,1425,42247,1468163147.97
1425,1425,75615,1425,62260,1468163179.86
1426,1426,61525,1425,42247,1468163211.86
1426,1426,61525,1425,42247,1468163243.86
1425,1425,75615,1425,62260,1468163275.73
1425,1425,75615,1425,62260,1468163307.78
1426,1426,61525,1425,42247,1468163339.65
1427,1427,72575,1426,51929,1468163371.66
1427,1427,72575,1426,51929,1468163403.55
1426,1426,61525,1425,42247,1468163435.45
1426,1426,61525,1425,42247,1468163467.32
1426,1426,61525,1425,42247,1468163499.31
1427,1427,72575,1426,51929,1468163531.19
1426,1426,61525,1425,42247,1468163563.06
1426,1426,61525,1425,42247,1468163594.95
1426,1426,61525,1425,42247,1468163626.98
1426,1426,61525,1425,42247,1468163658.86
1427,1427,72575,1426,51929,1468163690.83
1427,1427,72575,1426,51929,1468163722.69
1427,1427,72575,1426,51929,1468163754.56
1427,1427,72575,1426,51929,1468163786.48
1427,1428,77916,1426,56591,1468163818.42
1427,1428,77916,1426,56591,1468163851.05
1427,1427,72575,1426,51929,1468163882.95
1427,1427,72575,1426,51929,1468163914.84
1427,1428,77916,1426,56591,1468163946.73
1427,1428,77916,1426,56591,1468163978.65
1427,1428,79668,1426,60798,1468164010.56
1427,1428,77916,1426,56591,1468164042.76
1427,1428,79668,1426,60798,1468164074.92
1427,1428,79668,1426,60798,1468164107.54
1427,1428,77916,1426,56591,1468164139.44
1427,1428,77916,1426,56591,1468164171.36
1427,1428,77916,1426,56591,1468164203.42
1427,1428,79668,1426,60798,1468164235.32
1427,1428,79668,1426,60798,1468164267.27
1427,1428,79668,1426,60798,1468164299.18
1427,1428,79668,1426,60798,1468164331.09
1427,1428,77916,1426,56591,1468164363.02
1427,1428,79668,1426,60798,1468164395.01
1427,1428,89325,1426,69187,1468164427.06
1427,1428,89325,1426,69187,1468164459.02
1427,1428,79668,1426,60798,1468164490.94
1427,1428,89325,1426,69187,1468164522.82
1427,1428,79668,1426,60798,1468164554.8
1427,1428,89325,1426,69187,1468164586.77
1427,1428,97827,1426,70500,1468164618.84
1427,1428,89325,1426,69187,1468164650.73
1427,1428,97827,1426,70500,1468164682.64
1427,1428,97827,1426,70500,1468164714.68
1427,1428,89325,1426,69187,1468164746.61
1427,1428,89325,1426,69187,1468164778.52
1427,1428,89325,1426,69187,1468164810.41
1427,1428,97827,1426,70500,1468164842.33
1427,1428,89325,1426,69187,1468164874.25
1427,1428,89325,1426,69187,1468164906.18
1427,1428,97827,1426,70500,1468164938.27
1427,1428,89325,1426,69187,1468164970.82
1427,1428,89325,1426,69187,1468165002.76
1430,1432,51162,1427,42562,1468165034.67
1430,1432,51162,1427,42562,1468165066.76
1430,1432,51162,1427,42562,1468165098.86
1430,1432,51162,1427,42562,1468165132.41
1430,1432,51162,1427,42562,1468165164.34
1427,1428,97827,1426,70500,1468165196.26
1430,1432,56668,1427,44993,1468165228.18
1430,1432,56668,1427,44993,1468165260.23
1430,1432,51162,1427,42562,1468165292.14
1430,1432,56668,1427,44993,1468165324.09
1430,1432,56668,1427,44993,1468165356.01
1430,1432,51162,1427,42562,1468165388.1
1430,1432,51162,1427,42562,1468165420.02
1430,1432,56668,1427,44993,1468165452.05
1430,1432,51162,1427,42562,1468165483.98
1430,1432,56668,1427,44993,1468165516.07
1430,1432,56668,1427,44993,1468165548.03
1430,1432,51162,1427,42562,1468165581.12
1430,1432,56668,1427,44993,1468165613.66
1429,1432,63690,1427,49371,1468165645.68
1429,1432,63690,1427,49371,1468165677.91
1430,1432,56668,1427,44993,1468165709.95
1429,1432,63690,1427,49371,1468165742.03
1429,1432,63690,1427,49371,1468165773.95
1429,1432,63690,1427,49371,1468165805.93
1429,1431,65648,1427,52342,1468165837.92
1429,1431,65648,1427,52342,1468165869.87
1429,1432,63690,1427,49371,1468165902.06
1429,1432,63690,1427,49371,1468165933.99
1429,1431,65648,1427,52342,1468165965.91
1429,1431,65648,1427,52342,1468165997.84
1429,1431,65648,1427,52342,1468166029.75
1429,1431,65648,1427,52342,1468166061.7
1429,1432,63690,1427,49371,1468166093.76
1429,1431,65648,1427,52342,1468166131.01
1429,1431,65648,1427,52342,1468166165.11
1429,1431,70693,1426,62300,1468166199.07
1429,1431,65648,1427,52342,1468166230.94
1429,1431,70693,1426,62300,1468166262.81
1429,1431,65648,1427,52342,1468166294.8
1429,1431,70693,1426,62300,1468166326.69
1429,1431,72146,1426,64209,1468166358.63
1429,1431,70693,1426,62300,1468166390.49
1429,1431,72146,1426,64209,1468166422.35
1429,1431,70693,1426,62300,1468166454.41
1429,1431,70693,1426,62300,1468166486.26
1429,1431,70693,1426,62300,1468166518.14
1429,1431,70693,1426,62300,1468166550.22
1429,1431,72146,1426,64209,1468166582.23
1429,1431,72146,1426,64209,1468166614.14
1429,1431,72146,1426,64209,1468166646.13
1429,1431,72146,1426,64209,1468166678.05
1429,1431,70693,1426,62300,1468166710.18
1429,1431,72146,1426,64209,1468166742.13
1426,1428,33955,1424,42823,1468166774.07
1426,1428,33955,1424,42823,1468166806.0
1426,1428,33955,1424,42823,1468166838.12
1429,1431,72146,1426,64209,1468166870.03
1429,1431,72146,1426,64209,1468166901.96
1426,1427,60790,1424,57117,1468166933.83
1426,1427,60790,1424,57117,1468166965.87
1426,1428,33955,1424,42823,1468166997.79
1426,1428,33955,1424,42823,1468167128.52
1426,1428,33955,1424,42823,1468167189.87
1426,1428,33955,1424,42823,1468167282.95
1425,1426,39190,1424,31388,1468169746.29
1425,1426,39190,1424,31388,1468169868.6
1425,1426,39190,1424,31388,1468170021.19
1425,1426,39190,1424,31388,1468170053.22
1425,1426,39190,1424,31388,1468170085.27
1426,1426,40187,1425,34919,1468170117.33
1426,1426,40187,1425,34919,1468170149.48
1426,1426,40187,1425,34919,1468170181.38
1426,1426,40187,1425,34919,1468170213.44
1426,1426,40187,1425,34919,1468170245.41
1425,1426,39190,1424,31388,1468170277.36
1426,1426,40187,1425,34919,1468170309.43
1426,1426,40187,1425,34919,1468170341.49
1426,1426,40187,1425,34919,1468170373.46
1426,1426,40187,1425,34919,1468170466.29
1420,1420,4117,1420,23158,1468171899.02
1420,1420,4117,1420,23158,1468171990.76
1420,1420,4117,1420,23158,1468172022.65
1420,1420,4117,1420,23158,1468172054.58
1419,1420,4118,1419,29102,1468172086.48
1419,1420,4118,1419,29102,1468172118.52
1419,1420,4118,1419,29102,1468172150.44
1419,1420,4118,1419,29102,1468172182.71
1420,1420,4117,1420,23158,1468172214.65
1420,1420,4117,1420,23158,1468172246.83
1419,1420,4118,1419,29102,1468172278.79
1419,1420,4118,1419,29102,1468172310.72
1420,1420,4117,1420,23158,1468172342.7
1419,1420,4118,1419,29102,1468172374.63
1420,1420,4117,1420,23158,1468172406.68
1420,1420,4117,1420,23158,1468172438.6
1425,1443,8132,1421,38661,1468172470.82
1419,1420,4118,1419,29102,1468172502.87
1419,1420,4118,1419,29102,1468172534.89
1425,1443,8132,1421,38661,1468172566.79
1425,1435,12873,1421,38962,1468172598.69
1425,1443,8132,1421,38661,1468172630.8
1425,1443,8132,1421,38661,1468172662.93
1425,1443,8132,1421,38661,1468172694.92
1425,1435,12873,1421,38962,1468172726.86
1425,1435,12873,1421,38962,1468172758.93
1425,1435,12873,1421,38962,1468172790.85
1425,1435,12873,1421,38962,1468172822.76
1425,1443,8132,1421,38661,1468172854.85
1425,1443,8132,1421,38661,1468172886.88
1425,1443,8132,1421,38661,1468172918.84
1425,1435,12873,1421,38962,1468172950.92
1425,1443,8132,1421,38661,1468172982.86
1425,1443,8132,1421,38661,1468173015.07
1425,1435,12873,1421,38962,1468173047.04
1425,1435,12873,1421,38962,1468173078.96
1425,1435,12873,1421,38962,1468173110.9
1425,1435,12873,1421,38962,1468173142.96
1424,1430,21427,1421,43568,1468173175.08
1424,1430,21427,1421,43568,1468173207.14
1424,1430,21427,1421,43568,1468173239.2
1424,1429,22128,1421,46316,1468173271.41
1424,1430,21427,1421,43568,1468173303.38
1424,1430,21427,1421,43568,1468173335.32
1424,1430,21427,1421,43568,1468173371.68
1424,1430,21427,1421,43568,1468173403.62
1424,1430,21427,1421,43568,1468173435.72
1424,1430,21427,1421,43568,1468173467.66
1424,1430,21427,1421,43568,1468173499.59
1423,1429,22332,1421,50155,1468173531.66
1423,1429,22332,1421,50155,1468173563.54
1423,1429,22332,1421,50155,1468173625.72
1423,1429,22332,1421,50155,1468173657.9
1423,1429,22332,1421,50155,1468173689.97
1423,1429,22332,1421,50155,1468173721.87
1423,1429,22332,1421,50155,1468173753.9
1423,1426,30857,1420,54229,1468173785.82
1423,1429,22332,1421,50155,1468173817.76
1423,1426,30857,1420,54229,1468173849.7
1423,1429,22332,1421,50155,1468173881.59
1423,1429,22332,1421,50155,1468173913.57
1423,1429,22332,1421,50155,1468173945.64
1423,1426,30857,1420,54229,1468173977.55
1423,1426,32311,1420,38508,1468174009.46
1423,1426,30857,1420,54229,1468174041.35
1423,1426,30857,1420,54229,1468174073.5
1423,1426,32311,1420,38508,1468174105.55
1423,1426,32311,1420,38508,1468174137.48
1423,1426,32311,1420,38508,1468174169.39
1423,1426,30857,1420,54229,1468174201.33
1423,1425,51836,1421,42838,1468174233.27
1423,1425,51836,1421,42838,1468174265.35
1423,1426,32311,1420,38508,1468174297.45
1423,1426,32311,1420,38508,1468174329.41
1423,1426,32311,1420,38508,1468174361.35
1423,1426,32311,1420,38508,1468174393.4
1423,1425,51836,1421,42838,1468174425.34
1423,1425,51836,1421,42838,1468174457.27
1423,1426,32311,1420,38508,1468174489.47
1423,1426,32311,1420,38508,1468174521.37
1423,1425,51836,1421,42838,1468174553.31
1423,1423,69556,1421,50746,1468174585.26
1423,1423,69556,1421,50746,1468174617.25
1423,1425,51836,1421,42838,1468174649.19
1423,1423,69556,1421,50746,1468174681.12
1423,1425,51836,1421,42838,1468174713.03
1423,1425,51836,1421,42838,1468174744.94
1423,1425,51836,1421,42838,1468174776.86
1423,1423,69556,1421,50746,1468174808.76
1422,1423,76973,1421,57773,1468174840.68
1423,1423,69556,1421,50746,1468174872.61
1422,1423,76973,1421,57773,1468174904.54
1422,1423,76973,1421,57773,1468174936.44
1423,1423,69556,1421,50746,1468174968.41
1423,1423,69556,1421,50746,1468175000.35
1422,1423,76973,1421,57773,1468175032.41
1422,1423,76973,1421,57773,1468175064.45
1422,1423,76973,1421,57773,1468175096.54
1423,1423,69556,1421,50746,1468175128.46
1423,1423,69556,1421,50746,1468175160.41
1422,1423,84523,1421,66551,1468175192.46
1422,1423,76973,1421,57773,1468175224.41
1422,1423,76973,1421,57773,1468175256.49
1422,1423,76973,1421,57773,1468175288.4
1422,1423,76973,1421,57773,1468175320.34
1422,1423,84523,1421,66551,1468175352.28
1422,1423,76973,1421,57773,1468175384.33
1422,1423,84523,1421,66551,1468175416.23
1422,1422,97551,1421,72351,1468175448.14
1422,1423,84523,1421,66551,1468175480.05
1422,1422,97551,1421,72351,1468175511.96
1422,1423,84523,1421,66551,1468175544.16
1422,1423,84523,1421,66551,1468175576.09
1422,1422,97551,1421,72351,1468175608.02
1422,1422,97551,1421,72351,1468175639.99
1422,1422,97551,1421,72351,1468175671.89
1422,1423,84523,1421,66551,1468175703.95
1422,1422,97551,1421,72351,1468175735.91
1422,1423,84523,1421,66551,1468175767.98
1422,1422,97551,1421,72351,1468175800.18
1422,1422,97551,1421,72351,1468175832.09
1422,1422,97551,1421,72351,1468175864.01
1422,1422,97551,1421,72351,1468175895.91
1420,1420,77162,1420,47908,1468175927.9
1420,1420,77162,1420,47908,1468175959.95
1422,1422,97551,1421,72351,1468175991.88
1420,1420,77162,1420,47908,1468176023.8
1420,1420,77162,1420,47908,1468176055.89
1420,1420,77162,1420,47908,1468176088.05
1420,1420,77162,1420,47908,1468176120.1
1420,1420,82516,1419,60311,1468176152.02
1420,1420,77162,1420,47908,1468176184.09
1420,1420,77162,1420,47908,1468176216.06
1420,1420,77162,1420,47908,1468176248.03
1420,1420,82516,1419,60311,1468176279.99
1420,1420,77162,1420,47908,1468176311.93
1420,1420,77162,1420,47908,1468176343.85
1420,1420,77162,1420,47908,1468176375.81
1420,1420,82516,1419,60311,1468176407.78
1420,1421,83720,1419,64345,1468176439.76
1420,1421,83720,1419,64345,1468176471.73
1420,1421,83720,1419,64345,1468176503.96
1420,1420,82516,1419,60311,1468176535.89
1420,1421,83720,1419,64345,1468176567.86
1420,1421,83720,1419,64345,1468176599.77
1420,1421,83720,1419,64345,1468176631.83
1420,1421,87562,1419,68057,1468176663.77
1420,1421,87562,1419,68057,1468176695.73
1420,1421,87562,1419,68057,1468176727.63
1420,1421,87562,1419,68057,1468176759.58
1420,1421,87562,1419,68057,1468176791.65
1420,1421,83720,1419,64345,1468176823.93
1420,1421,83720,1419,64345,1468176855.85
1420,1421,83720,1419,64345,1468176887.82
1420,1421,87562,1419,68057,1468176919.73
1420,1421,109071,1419,71499,1468176950.28
1420,1421,87562,1419,68057,1468176982.43
1420,1421,109071,1419,71499,1468177014.52
1420,1421,109071,1419,71499,1468177046.46
1420,1421,109071,1419,71499,1468177078.39
1420,1421,109071,1419,71499,1468177110.31
1420,1421,109071,1419,71499,1468177142.35
1420,1421,109071,1419,71499,1468177174.28
1420,1421,109071,1419,71499,1468177207.87
1420,1421,109071,1419,71499,1468177241.47
1420,1421,109438,1419,73201,1468177273.41
1420,1421,109438,1419,73201,1468177305.39
1420,1421,109438,1419,73201,1468177337.33
1420,1421,109071,1419,71499,1468177369.29
1420,1421,109438,1419,73201,1468177401.21
1420,1421,109071,1419,71499,1468177433.3
1420,1421,109071,1419,71499,1468177465.25
1420,1421,109071,1419,71499,1468177497.48
1420,1421,109438,1419,73201,1468177529.41
1418,1420,49788,1415,37422,1468177561.48
1420,1421,109438,1419,73201,1468177593.54
1418,1420,49788,1415,37422,1468177625.66
1420,1421,109438,1419,73201,1468177657.57
1418,1420,49788,1415,37422,1468177689.49
1420,1421,109438,1419,73201,1468177721.44
1418,1420,49788,1415,37422,1468177753.36
1418,1420,49788,1415,37422,1468177785.29
1418,1420,49788,1415,37422,1468177817.24
1417,1420,52542,1414,47281,1468177849.17
1418,1420,49788,1415,37422,1468177881.12
1417,1420,52542,1414,47281,1468177913.02
1418,1420,49788,1415,37422,1468177944.97
1418,1420,49788,1415,37422,1468177976.86
1417,1420,52542,1414,47281,1468178008.72
1418,1420,49788,1415,37422,1468178040.6
1417,1420,52542,1414,47281,1468178072.51
1418,1420,49788,1415,37422,1468178104.47
1417,1420,52542,1414,47281,1468178136.38
1417,1420,52542,1414,47281,1468178168.29
1417,1420,62050,1414,56144,1468178200.19
1417,1420,52542,1414,47281,1468178232.23
1417,1420,62050,1414,56144,1468178264.25
1417,1420,62050,1414,56144,1468178296.12
1417,1420,62050,1414,56144,1468178328.16
1417,1420,62050,1414,56144,1468178360.03
1417,1420,52542,1414,47281,1468178391.91
1417,1420,62050,1414,56144,1468178423.78
1417,1420,62050,1414,56144,1468178455.64
1417,1419,69501,1415,63013,1468178487.64
1417,1420,62050,1414,56144,1468178519.8
1417,1419,69501,1415,63013,1468178551.83
1417,1420,62050,1414,56144,1468178583.71
1417,1419,69501,1415,63013,1468178616.03
1417,1419,69501,1415,63013,1468178648.1
1417,1420,62050,1414,56144,1468178679.99
1417,1420,62050,1414,56144,1468178712.0
1417,1419,69501,1415,63013,1468178743.87
1417,1419,76395,1415,66328,1468178775.87
1417,1419,76395,1415,66328,1468178807.77
1417,1419,76395,1415,66328,1468178839.64
1417,1419,69501,1415,63013,1468178871.51
1417,1419,76395,1415,66328,1468178903.37
1417,1419,76395,1415,66328,1468178935.41
1417,1419,69501,1415,63013,1468178967.29
1417,1419,69501,1415,63013,1468178999.46
1417,1419,76395,1415,66328,1468179031.36
1417,1419,76395,1415,66328,1468179063.29
1417,1419,76395,1415,66328,1468179095.54
1417,1419,76395,1415,66328,1468179127.43
1417,1419,80495,1415,73159,1468179159.32
1417,1419,80495,1415,73159,1468179192.05
1417,1419,80495,1415,73159,1468179223.87
1417,1419,80495,1415,73159,1468179255.7
1417,1419,80495,1415,73159,1468179287.54
1417,1419,76395,1415,66328,1468179319.38
1417,1419,80495,1415,73159,1468179351.23
1418,1418,40596,1417,43423,1468179383.06
1418,1418,40596,1417,43423,1468179415.04
1418,1418,40596,1417,43423,1468179446.89
1418,1418,40596,1417,43423,1468179478.72
1417,1419,80495,1415,73159,1468179510.61
1418,1418,40596,1417,43423,1468179542.49
1418,1418,40596,1417,43423,1468179574.5
1417,1419,80495,1415,73159,1468179606.37
1418,1418,40596,1417,43423,1468179639.58
1418,1418,40596,1417,43423,1468179671.96
1418,1418,40596,1417,43423,1468179703.79
1418,1418,40596,1417,43423,1468179735.64
1418,1418,40596,1417,43423,1468179767.66
1418,1418,41698,1418,45305,1468179799.64
1418,1418,40596,1417,43423,1468179831.85
1418,1418,40596,1417,43423,1468179863.85
1418,1418,41698,1418,45305,1468179896.38
1418,1418,40596,1417,43423,1468179928.21
1418,1418,41698,1418,45305,1468179960.41
1421,1423,58703,1418,47859,1468179992.25
1418,1418,41698,1418,45305,1468180024.22
1421,1423,58703,1418,47859,1468180056.2
1421,1423,58703,1418,47859,1468180088.2
1421,1423,58703,1418,47859,1468180120.05
1418,1418,41698,1418,45305,1468180152.07
